_ 581 9 6 28
значения 684 9 50 28
_Комментарий 788 9 80 28
Te 927 18 13 8
И 16 58 12 8
в 16 85 8 10
крови 50 86 29 10
113 549 78 24 14
) 641 80 10 9
6 565 126 8 14
wate 585 129 29 7
G15) 641 129 31 8
36,0 536 164 37 17
* 584 167 8 7
— 610 150 24 36
с“о-од) 641 167 52 9
4,22 535 192 38 16
uno 585 194 65 10
ъ 394 221 8 9
3,6 545 220 28 17
10%а 585 222 27 8
(40-90) 640 222 42 10
ure 85 271 27 10
(MC 118 267 36 17
27" 535 258 58 18
© 640 262 9 9
vm) 583 310 66 9
(5-040) 639 349 53 9
1098 583 376 28 9
() 639 377 13 10
* 582 405 8 8
(430-769) 639 406 53 10
eg 13 429 52 42
SD 67 456 24 15
cr 97 428 80 64
эритроцита 13 482 93 17
по 115 482 18 10
объему) 179 478 28 18
RDW-CV 13 506 80 15
io 99 478 79 64
renee 178 510 124 32
Ээри’ 13 533 27 10
объ 139 528 29 14
Дата 9 654 36 17
выдачи: 50 658 60 12
24.06.2024 116 654 81 14
13-99 11 674 39 13
