Лабораторные 145 35 434 55
исследования 601 46 413 45
Клинический 147 99 339 42
анализ 506 109 183 31
крови. 708 111 168 40
31.05.2021 895 100 253 41
12:20 1176 100 126 40
Название 543 184 235 40
теста 795 194 170 31
Результат 1454 183 284 50
Ед. 1987 169 72 43
изм. 2083 175 98 34
Референсные 2411 155 358 51
значения 2475 224 230 35
Относительное 161 316 377 39
количество 557 324 276 32
моноцитов 852 325 262 37
9,20 1547 324 98 48
% 2065 312 43 42
2,00 2447 300 103 49
- 2569 321 17 7
11,00 2607 296 124 49
Относительное 160 399 378 40
количество 557 408 276 31
лимфоцитов 849 399 310 50
18,4 1551 409 95 46
% 2065 398 43 41
25,0 2461 385 103 48
- 2583 407 16 6
40,0 2615 383 103 48
Относительное 159 483 379 40
количество 557 492 276 31
гранулоцитов 852 492 330 41
72,4 1548 493 98 47
% 2066 483 42 42
48,0 2460 472 104 49
- 2583 494 16 6
80,0 2617 469 101 48
Абсолютное 156 567 303 41
количество 479 576 277 31
моноцитов 776 577 263 37
0,70 1548 577 99 48
10^9/л 2013 569 152 42
0,09 2462 559 102 49
- 2583 581 16 6
0,60 2617 556 101 49
Абсолютное 155 652 304 40
количество 479 660 277 31
лимфоцитов 773 652 311 49
1,40 1552 662 95 47
10^9/л 2013 653 152 43
1,20 2465 645 99 49
- 2582 667 17 6
3,00 2617 643 100 48
Абсолютное 155 735 304 40
количество 479 744 277 30
гранулоцитов 775 744 331 41
5,6 1564 745 69 48
1049/n 2013 738 152 42
2,0 2491 731 73 47
- 2582 752 17 6
6,5 2615 729 72 47
Средний 156 818 212 51
объем 387 818 156 40
тромбоцитов 561 818 324 50
в 904 828 24 30
крови 948 828 134 40
7,9 1564 829 70 46
фл 2053 824 69 50
3,6 2492 816 71 48
- 2582 838 17 6
9,4 2616 815 71 47
Количество 158 903 282 41
тромбоцитов 455 901 326 51
121 1561 913 74 39
10^9/л 2014 908 152 41
180 2480 901 83 41
- 2582 924 16 6
320 2616 899 85 42
Ширина 156 988 194 51
— 393 983 27 63
распределения 436 996 379 42
— 855 983 27 63
эритроцитов 900 996 309 41
— 1249 983 22 63
по 1295 997 53 31
14,7 1554 997 95 47
% 2068 992 42 41
11,0 2467 988 94 48
- 2579 1010 17 6
16,0 2616 986 98 48
объему 155 1047 183 53
Средняя 156 1119 212 52
концентрация 470 1127 344 42
гемоглобина 916 1117 309 41
в 1325 1128 24 29
320,0 1537 1127 129 47
r/n 2061 1124 59 39
300,0 2432 1120 131 47
- 2581 1142 17 5
380,0 2615 1117 130 48
эритроците 157 1188 283 42
Среднее 158 1244 215 62
содержание 486 1258 301 41
гемоглобина 902 1247 309 41
в 1326 1257 24 30
277 1551 1257 101 46
nr 2071 1264 46 29
26,0 2460 1250 102 47
- 2580 1273 16 5
34,0 2614 1249 101 47
эритроците 159 1318 283 43
_ 667 1355 3 2
Средний 162 1379 212 51
объем 393 1378 156 41
эритроцита 568 1387 282 41
87,0 1554 1385 99 47
фл 2058 1383 69 50
80,0 2446 1380 101 47
- 2565 1402 17 6
100,0 2602 1379 128 46
Гематокрит 164 1464 278 49
42,2 1553 1468 100 47
% 2073 1465 43 41
36,0 2462 1464 101 47
- 2581 1486 16 5
42,0 2613 1462 103 47
Гемоглобин 164 1547 284 41
общий 467 1546 161 47
135,0 1543 1552 126 48
r/n 2065 1550 60 40
110,0 2439 1548 124 47
- 2581 1571 17 5
150,0 2618 1547 127 47
Количество 162 1633 281 40
эритроцитов 462 1640 312 42
4,86 1553 1637 102 48
10^12/л 2008 1635 180 41
4,00 2464 1633 102 47
- 2585 1655 16 6
5,20 2619 1632 100 47
Количество 162 1718 280 41
лейкоцитов 458 1717 288 47
7,70 1556 1723 100 48
1049/n 2024 1720 151 41
4,50 2451 1719 102 46
- 2571 1741 17 6
13,00 2608 1717 127 48
Определение 145 1809 354 51
антител 517 1817 207 32
IgM 745 1807 89 52
и 854 1817 27 30
IgG 902 1806 84 57
к 1006 1817 25 30
Coronavirus 1048 1805 313 42
(SARS-CoV-2). 1380 1804 367 52
31.05.2021 1766 1802 256 42
12:20 2051 1801 126 41
Определение 162 1884 332 51
антител 600 1889 193 36
IgM 851 1883 83 52
к 991 1893 22 30
Coronavirus} 1066 1882 286 42
He 1418 1891 64 41
обнаружено 1500 1890 298 52
(SARS-CoV-2) 164 1943 342 51
ai 166 2012 144 99
ie 407 2023 88 99
антител 513 2023 193 31
IgG 728 2013 81 52
к 830 2024 21 30
Coronavirus 868 2014 286 40
(SARS-| 1174 2012 179 51
OBHAPYKEHO 1416 2020 383 43
Исследование 157 2146 373 49
на 549 2159 57 31
коронавирусы 626 2159 382 43
(Coronavirus) 1028 2148 350 53
COVID-19 1397 2148 244 41
(2019-nCoV). 1660 2146 324 53
31.05.2021 2004 2144 257 43
21:30 2286 2144 132 41
|PHK 161 2209 112 80
Coronavirus 290 2223 280 42
COVID-19 588 2225 243 42
(2019-nCoV) 850 2226 301 52
| 1357 2213 8 80
He 1421 2236 63 41
обнаружено 1502 2235 298 52
| 1852 2211 9 80
| 2765 2205 84 79
Исследование 161 2311 373 48
газов, 553 2325 153 40
оксиметрии 723 2327 310 42
крови. 1054 2328 169 42
01.06.2021 1242 2317 258 42
11:37 1529 2316 122 41
SBC- 179 2384 122 41
стандартный 317 2390 311 48
бикарбонат 647 2390 285 52
крови 949 2402 135 42
231 1559 2401 95 49
мМоль/л 2000 2400 210 41
ВЕ 182 2467 65 40
- 264 2490 16 6
избыток 297 2469 194 41
оснований 505 2476 256 39
мМоль/л 2000 2484 211 42
ctBil 183 2550 94 40
— 293 2572 53 7
концентрации 363 2562 335 43
билирубина 717 2557 290 54
9.0 1577 2570 71 48
мМоль/л 2001 2568 210 42
0,0 2490 2566 73 48
- 2580 2588 17 8
34,0 2613 2564 102 49
Lac 187 2633 80 40
— 280 2655 53 7
концентрация 350 2645 335 43
лактата 702 2651 187 33
99 1576 2654 72 49
мМоль/л 2001 2652 210 42
00-22 2507 2649 192 51
Glu 188 2714 75 42
— 279 2738 53 7
концентрация 349 2729 333 44
глюкозы 702 2735 198 33
‚ 1063 2772 4 4
4,0 1576 2739 73 48
мМоль/л 2001 2722 210 62
3,3 2508 2736 70 49
- 2596 2759 17 8
5,5 2630 2735 70 49
Cl- 189 2798 63 41
— 266 2822 53 7
концентрация 336 2811 333 45
ионов 689 2819 141 34
хлора 846 2822 144 43
в 1008 2823 26 32
крови 1052 2823 135 42
110 1576 2823 79 44
мМоль/л 2001 2810 210 62
98 2508 2823 56 43
- 2582 2845 16 8
107 2619 2821 82 43
Са2+ 191 2881 119 42
— 326 2906 53 8
концентрация 395 2897 334 45
ионов 750 2904 141 34
кальция 909 2907 196 39
в 1124 2908 26 32
крови 1168 2908 135 41
447 1566 2908 98 48
мМоль/л 2001 2897 210 58
113 2481 2908 98 49
- 2596 2930 17 8
132 2633 2906 97 50
_ 2892 2958 3 1
Na+ 193 2965 90 40
— 299 2988 53 8
концентрация 369 2978 332 47
ионов 720 2978 129 59
натрия 873 2978 158 59
в 1064 2992 26 31
крови 1107 2991 136 42
135,0 1551 2991 128 49
мМоль/л 2001 2981 210 59
135,0 2451 2993 129 49
- 2596 3015 19 9
145,0 2633 2990 133 52
. 2814 3029 2 4
К+ 195 3047 54 40
— 264 3070 54 7
концентрация 334 3060 331 46
ионов 686 3070 141 33
калия 845 3074 137 31
в 1001 3075 25 31
крови 1045 3075 134 42
4,0 1577 3076 73 49
mMonb/n 2001 3050 213 77
95-54. 2507 3063 277 62
ine 195 3130 76 41
35,6 1565 3159 101 50
% 2084 3156 45 45
38,0 2367 3156 212 53
- 2595 3182 18 10
46,0: 2627 3141 122 69
FMetHb 197 3212 179 44
— 391 3238 53 8
фракция 459 3220 207 51
метгемоглобина 686 3230 394 42
в 1097 3241 26 31
крови 1141 3241 134 42
0,8 1580 3244 71 48
ao 2035 3227 48 25
4-15 2536 3226 176 66
FHHb 199 3294 131 43
— 437 3322 53 9
фракция 599 3306 209 51
восстановленного 923 3309 441 59
6,3 1579 3327 73 50
с 2653 3289 54 8
гемоглобина 199 3356 299 44
в 516 3370 25 31
крови 558 3372 134 41
FCOHb 201 3420 171 45
— 413 3446 55 9
фракция 510 3429 208 50
карбоксигемоглобина 766 3436 527 46
@ 1339 3453 27 29
NA 1582 3454 71 28
