Дата: 30.09.2024 33.30275344848633 28.589115142822266 86.17281723022461 11.181407928466797
Полис ОМС: 5094789784001053 33.30275344848633 49.601158142089844 160.14646530151367 11.181407928466797
КДЛ ТГБ ПО 385.1043701171875 70.74246978759766 72.10812377929688 13.277923583984375
КЛИНИКО-ДИАГНОСТИЧЕСКАЯ ЛАБОРАТОРИЯ 334.67547607421875 84.84909057617188 173.13946533203125 8.386054992675781
РЕЗУЛЬТАТЫ ЛАБОРАТОРНЫХ ИССЛЕДОВАНИЙ 222.4111328125 101.57547760009766 397.469970703125 16.772109985351562
Общий клинический анализ крови (общий анализ + СОЭ + лейкоцитарная формула + тромбоциты) 33.30275344848633 125.93102264404297 628.7338066101074 12.579093933105469
Биоматериал: кровь цельная. Локус: капилляр. 33.30275344848633 147.97140502929688 234.32529830932617 9.783737182617188
Тест 36.904815673828125 184.07823181152344 24.318626403808594 11.181411743164062
Результат 257.8314208984375 184.07823181152344 56.099365234375 11.181411743164062
Норма 384.203857421875 184.07823181152344 35.8424072265625 11.181411743164062
Отклонение 485.36181640625 184.07823181152344 66.88677978515625 11.181411743164062
Критичность 599.4271850585938 178.6751251220703 70.8922119140625 11.181411743164062
отклонения 602.4288940429688 190.0816650390625 64.97320556640625 11.181411743164062
Ед. изм. 727.9008178710938 184.07823181152344 45.11029052734375 11.181411743164062
Абсолютное количество моноцитов 36.904815673828125 211.69406127929688 180.7926788330078 11.181411743164062
(MON#) 36.904815673828125 223.1005859375 38.567420959472656 11.181411743164062
0.3 277.3426208496094 217.09715270996094 17.011322021484375 11.181411743164062
0,0-0,8 385.404541015625 217.09715270996094 33.98980712890625 11.181411743164062
- 516.8798828125 217.09715270996094 3.466064453125 11.181411743164062
- 633.0464477539062 217.09715270996094 3.466064453125 11.181411743164062
10^9/л 732.70361328125 217.09715270996094 35.743896484375 11.181411743164062
Относительное количество 36.904815673828125 244.71298217773438 139.2469940185547 11.181411743164062
моноцитов (MON%) 36.904815673828125 256.1195068359375 97.85140991210938 11.181396484375
6.6 277.3426208496094 250.11605834960938 17.011322021484375 11.181396484375
3,0-8,0 385.404541015625 250.11605834960938 33.98980712890625 11.181396484375
- 516.8798828125 250.11605834960938 3.466064453125 11.181396484375
- 633.0464477539062 250.11605834960938 3.466064453125 11.181396484375
% 746.2113037109375 250.11605834960938 9.1270751953125 11.181396484375
Скорость оседания эритроцитов (по 36.904815673828125 277.7319030761719 184.8543701171875 11.181396484375
Панченкову) 36.904815673828125 289.138427734375 63.99761199951172 11.181396484375
5 282.445556640625 283.135009765625 6.68353271484375 11.181396484375
мужчины: 0,0-15,0. 353.886474609375 277.7319030761719 96.77264404296875 11.181396484375
Женщины: 0,0-20,0. 351.7852783203125 289.138427734375 101.09701538085938 11.181396484375
- 516.8798828125 283.135009765625 3.466064453125 11.181396484375
- 633.0464477539062 283.135009765625 3.466064453125 11.181396484375
мм/ч 739.0072021484375 283.135009765625 23.3946533203125 11.181396484375
Гемоглобин (HGB) 36.904815673828125 322.1573486328125 92.14813232421875 11.181396484375
116 275.84173583984375 322.1573486328125 20.04119873046875 11.181396484375
мужчины: 120,0- 359.8899230957031 310.7508239746094 84.56875610351562 11.181396484375
172,0. Женщины: 358.0888977050781 322.1573486328125 88.4757080078125 11.181396484375
110,0-156,0. 371.59661865234375 333.56390380859375 61.464935302734375 11.181396484375
- 516.8798828125 322.1573486328125 3.466064453125 11.181396484375
- 633.0464477539062 322.1573486328125 3.466064453125 11.181396484375
г/л 743.509765625 322.1573486328125 14.42236328125 11.181396484375
Количество эритроцитов (RBC) 36.904815673828125 360.5793762207031 157.66067504882812 11.181396484375
4.19 274.04071044921875 360.5793762207031 23.690155029296875 11.181396484375
мужчины: 3,1-5,7. 356.8882141113281 355.17626953125 90.666015625 11.181396484375
Женщины: 3,4-5,2. 354.7869873046875 366.58282470703125 94.99038696289062 11.181396484375
- 516.8798828125 360.5793762207031 3.466064453125 11.181396484375
- 633.0464477539062 360.5793762207031 3.466064453125 11.181396484375
10^12/л 729.7018432617188 360.5793762207031 41.8505859375 11.181396484375
Гематокрит (HCT) 36.904815673828125 393.5982971191406 90.40337371826172 11.181396484375
0.35 274.04071044921875 393.5982971191406 23.690155029296875 11.181396484375
мужчины: 0,30-0,50. 350.884765625 388.1952209472656 102.8792724609375 11.181396484375
Женщины: 0,31-0,45. 348.4833984375 399.60174560546875 107.20361328125 11.181396484375
- 516.8798828125 393.5982971191406 3.466064453125 11.181396484375
- 633.0464477539062 393.5982971191406 3.466064453125 11.181396484375
л/л 742.909423828125 393.5982971191406 15.510498046875 11.181396484375
Средний объем эритроцита (MCV) 36.904815673828125 432.62066650390625 173.4384765625 11.181396484375
84.4 274.04071044921875 432.62066650390625 23.690155029296875 11.181396484375
мужчины: 78,0-103,0. 347.5828552246094 421.2141418457031 108.98590087890625 11.181396484375
Женщины: 80,0- 360.7904357910156 432.62066650390625 82.7864990234375 11.181396484375
100,0. 386.9053955078125 444.0271911621094 30.5284423828125 11.181396484375
- 516.8798828125 432.62066650390625 3.466064453125 11.181396484375
- 633.0464477539062 432.62066650390625 3.466064453125 11.181396484375
фл 743.509765625 432.62066650390625 14.3472900390625 11.181396484375
Среднее содержание гемоглобина в 36.904815673828125 465.63958740234375 186.41152954101562 11.181396484375
эритроците (MCH) 36.904815673828125 477.046142578125 92.19502258300781 11.181396484375
27.6 274.04071044921875 471.0426940917969 23.690155029296875 11.181396484375
мужчины: 26,0-35,0. 350.884765625 465.63958740234375 102.8792724609375 11.181396484375
Женщины: 26,0-34,0. 348.4833984375 477.046142578125 107.20361328125 11.181396484375
- 516.8798828125 471.0426940917969 3.466064453125 11.181396484375
- 633.0464477539062 471.0426940917969 3.466064453125 11.181396484375
пг 745.0106201171875 471.0426940917969 11.3221435546875 11.181396484375
Средняя концентрация гемоглобина 36.904815673828125 504.0616149902344 187.51840209960938 11.181427001953125
в эритроците (MCHC) 36.904815673828125 515.4680786132812 107.60699462890625 11.18145751953125
328 275.84173583984375 510.0650329589844 20.04119873046875 11.181427001953125
мужчины: 320,0- 359.8899230957031 498.65850830078125 84.56875610351562 11.181396484375
369,0. Женщины: 358.0888977050781 510.0650329589844 88.4757080078125 11.181427001953125
318,0-368,0. 371.59661865234375 521.4715576171875 61.464935302734375 11.18145751953125
- 516.8798828125 510.0650329589844 3.466064453125 11.181427001953125
- 633.0464477539062 510.0650329589844 3.466064453125 11.181427001953125
г/л 743.509765625 510.0650329589844 14.42236328125 11.181427001953125
Ширина распределения 36.904815673828125 33.992218017578125 122.47956848144531 11.181407928466797
эритроцитов по объему (RDW) 36.904815673828125 45.398773193359375 154.8090362548828 11.181407928466797
14.5 274.04071044921875 39.395294189453125 23.690155029296875 11.181407928466797
11,5-14,5 379.1009216308594 39.395294189453125 46.20306396484375 11.181407928466797
- 516.8798828125 39.395294189453125 3.466064453125 11.181407928466797
- 633.0464477539062 39.395294189453125 3.466064453125 11.181407928466797
% 746.2113037109375 39.395294189453125 9.1270751953125 11.181407928466797
Количество тромбоцитов (PLT) 36.904815673828125 67.01113891601562 156.12229919433594 11.181404113769531
224 275.84173583984375 67.01113891601562 20.04119873046875 11.181404113769531
180,0-320,0 372.7973327636719 67.01113891601562 58.416290283203125 11.181404113769531
- 516.8798828125 67.01113891601562 3.466064453125 11.181404113769531
- 633.0464477539062 67.01113891601562 3.466064453125 11.181404113769531
10^9/л 732.70361328125 67.01113891601562 35.743896484375 11.181404113769531
Средний объем тромбоцитов в 36.904815673828125 88.62356567382812 157.12599182128906 11.181404113769531
крови (MPV) 36.904815673828125 100.03005981445312 60.83642578125 11.181404113769531
9.4 277.3426208496094 94.02664184570312 17.011322021484375 11.181404113769531
3,6-9,4 385.404541015625 94.02664184570312 33.98980712890625 11.181404113769531
- 516.8798828125 94.02664184570312 3.466064453125 11.181404113769531
- 633.0464477539062 94.02664184570312 3.466064453125 11.181404113769531
фл 743.509765625 94.02664184570312 14.3472900390625 11.181404113769531
Ширина распределения 36.904815673828125 121.64248657226562 122.47956848144531 11.181411743164062
тромбоцитов по объему (PDW) 36.904815673828125 133.04898071289062 155.3531036376953 11.181411743164062
13.1 274.04071044921875 127.04556274414062 23.690155029296875 11.181411743164062
10-20 388.40625 127.04556274414062 27.892578125 11.181411743164062
- 516.8798828125 127.04556274414062 3.466064453125 11.181411743164062
- 633.0464477539062 127.04556274414062 3.466064453125 11.181411743164062
% 746.2113037109375 127.04556274414062 9.1270751953125 11.181411743164062
Общий объем тромбоцитов в крови 36.904815673828125 154.66140747070312 180.72702026367188 11.181411743164062
(тромбокрит, PСT) 36.904815673828125 166.06790161132812 92.26069641113281 11.181411743164062
0.21 274.04071044921875 160.06448364257812 23.690155029296875 11.181411743164062
0,15-0,40 379.1009216308594 160.06448364257812 46.20306396484375 11.181411743164062
- 516.8798828125 160.06448364257812 3.466064453125 11.181411743164062
- 633.0464477539062 160.06448364257812 3.466064453125 11.181411743164062
% 746.2113037109375 160.06448364257812 9.1270751953125 11.181411743164062
Количество лейкоцитов (WBC) 36.904815673828125 196.08511352539062 155.2686767578125 11.181411743164062
4.4 277.3426208496094 197.28579711914062 17.011322021484375 11.181411743164062
мужчины: 4,5-10,4. 353.886474609375 187.68032836914062 96.77264404296875 11.181411743164062
Женщины: 4,5-10,0. 351.7852783203125 199.08682250976562 101.09701538085938 11.181411743164062
- 516.8798828125 197.28579711914062 3.466064453125 11.181411743164062
- 633.0464477539062 197.28579711914062 3.466064453125 11.181411743164062
10^9/л 732.70361328125 197.28579711914062 35.743896484375 11.181411743164062
Относительное количество 36.904815673828125 229.10403442382812 139.2469940185547 11.181411743164062
гранулоцитов (GRA%) 36.904815673828125 240.51058959960938 111.22781372070312 11.181411743164062
67.6 274.04071044921875 234.50717163085938 23.690155029296875 11.181411743164062
40,0-70,0 379.1009216308594 234.50717163085938 46.20306396484375 11.181411743164062
- 516.8798828125 234.50717163085938 3.466064453125 11.181411743164062
- 633.0464477539062 234.50717163085938 3.466064453125 11.181411743164062
% 746.2113037109375 234.50717163085938 9.1270751953125 11.181411743164062
Абсолютное количество 36.904815673828125 262.1229553222656 122.58743286132812 11.181396484375
гранулоцитов (GRA#) 36.904815673828125 273.5295104980469 110.14907836914062 11.181396484375
3.0 277.3426208496094 267.5260925292969 17.011322021484375 11.181396484375
1,8-7,7 385.404541015625 267.5260925292969 33.98980712890625 11.181396484375
- 516.8798828125 267.5260925292969 3.466064453125 11.181396484375
- 633.0464477539062 267.5260925292969 3.466064453125 11.181396484375
10^9/л 732.70361328125 267.5260925292969 35.743896484375 11.181396484375
Абсолютное количество 36.904815673828125 295.1418762207031 122.58743286132812 11.181396484375
лимфоцитов (LYM#) 36.904815673828125 306.5484313964844 101.66921997070312 11.181396484375
1.1 277.3426208496094 300.5450134277344 17.011322021484375 11.181396484375
1,0-4,8 385.404541015625 300.5450134277344 33.98980712890625 11.181396484375
- 516.8798828125 300.5450134277344 3.466064453125 11.181396484375
- 633.0464477539062 300.5450134277344 3.466064453125 11.181396484375
10^9/л 732.70361328125 300.5450134277344 35.743896484375 11.181396484375
Относительное количество 36.904815673828125 328.1607971191406 139.2469940185547 11.181396484375
лимфоцитов (LYM%) 36.904815673828125 339.5673522949219 102.74795532226562 11.181396484375
25.8 274.04071044921875 333.5639343261719 23.690155029296875 11.181396484375
20,0-45,0 379.1009216308594 333.5639343261719 46.20306396484375 11.181396484375
- 516.8798828125 333.5639343261719 3.466064453125 11.181396484375
- 633.0464477539062 333.5639343261719 3.466064453125 11.181396484375
% 746.2113037109375 333.5639343261719 9.1270751953125 11.181396484375
Исполнитель: Попова Анна Ивановна 33.30275344848633 359.8497619628906 153.5083885192871 9.08489990234375
