ОБЩЕКПИНИЧЕСКИЕ 35 24 206 23
ИССЛЕДОВАНИЯ 249 33 159 21
КРОВИ 416 41 62 16
Кли! 36 54 30 10
патологических 36 77 135 15
и:ме›‹еиии) 178 83 96 17
(венозная 280 84 82 17
кровь) 369 84 53 26
ы 812 99 5 6
Alama 63 95 33 11
исследования: 100 98 74 11
31.07.20; 175 100 62 11
Гемоглобин 64 120 92 16
147 606 142 25 12
л 733 147 17 12
17 848 151 16 12
- 870 158 5 2
161 882 152 22 11
Эритпциты 64 144 97 18
4.88 601 166 31 12
х10*12/п 710 170 60 13
3.8 842 174 22 12
- 870 180 4 2
5.2 880 174 21 12
Гематокр, 64 164 72 28
44.5 600 189 31 13
% 734 194 12 12
35 847 197 17 12
-47 870 197 26 11
рвдний 65 192 68 16
объвм 139 195 51 14
эритроцитов 195 200 99 14
(MCV) 299 201 47 17
91 607 213 15 12
фл 728 217 21 14
80 842 219 18 12
- 865 226 4 1
100 877 220 23 11
(MCH) 373 235 48 9
30.2 598 235 31 13
nr 731 243 14 8
27- 847 242 27 12
) 450 260 3 9
330 599 259 26 12
dn 728 263 17 12
300 837 265 26 12
- 869 272 4 2
380 879 265 24 12
показатель 148 261 87 25
0.90 595 275 31 25
0.85 832 288 31 12
- 869 294 4 2
1.00 879 288 28 12
M60 97 287 29 12
177-- 592 294 36 30
10°9/n 717 309 43 13
180 839 311 23 12
- 868 317 4 2
320 877 311 24 12
4.63 592 323 30 13
x10*9/n 705 332 54 13
1 874 334 12 11
Hespentie 77 330 78 14
гранулоциты 160 335 96 12
0.00 590 337 30 30
10°9/; 708 342 41 30
0.09 864 356 28 12
Коенному 77 341 56 30
пораметру 138 341 60 30
omnocamicn 203 354 63 9
щй&п”\з 79 359 82 26
% 265 377 13 11
01 591 391 19 11
` 755 416 5 7
Нейтрофилы 77 408 98 30
сегментядер›‹ые 181 420 132 15
2.44 585 424 29 31
1/60=7,90 822 443 69 13
Нейтрофилы 75 437 86 17
сегментоядерные 197 444 115 14
% 318 444 12 12
52.7 584 455 30 13
7-72 840 464 36 12
Эози›‹офипы 73 460 99 17
0.12 584 477 29 13
“a 692 460 53 55
0.02 818 478 26 30
- 851 492 3 2
0.30 859 486 28 12
Эозинофилы 71 484 100 17
% 177 486 13 13
26 587 500 21 13
-5 848 508 17 11
MeL 120 504 29 30
0.04 582 515 29 30
we 690 504 31 33
‘ain 718 510 24 29
0-0.07 824 530 51 11
Базофилы 69 530 79 16
% 155 531 13 13
0.8 585 545 21 13
% 708 548 12 12
0-1 834 551 27 12
Моноциты 68 553 78 15
0.38 580 568 29 12
x10*9/n 687 570 53 13
0.09 812 573 28 12
- 845 579 4 2
0.60 854 573 29 12
Моноциты 66 576 79 15
% 152 577 13 13
81 583 590 19 12
% 706 591 12 13
3-11 828 595 35 11
Лим 65 600 31 12
1.65 580 612 28 12
x10°9/n 685 613 53 13
1,20 812 617 26 11
- 843 623 4 1
3.00 852 617 29 11
Tits 64 607 31 32
% 165 623 10 13
35.8 577 634 29 12
% 704 635 12 12
19-37 823 637 44 12
СОЭ 64 646 35 12
(no 105 646 23 15
Вестергрену) 134 646 100 15
12 584 657 15 11
мм/час: 684 648 54 30
0-3 825 659 28 12
