й_ 452 47 164 62
Исследуемый 226 88 392 69
параметр 639 110 290 51
Сокр. 1336 92 164 79
Результат 1635 98 295 88
| 1978 93 33 97
Нормальные 2055 99 377 66
величины 2450 110 292 69
Общее 222 210 197 55
количество 438 228 295 34
лейкоцитов 750 220 300 49
х10’/1 1069 216 161 60
| 1291 206 33 79
WBC 1352 218 135 48
Y 1623 149 67 133
+ 1704 183 104 99
212 2320 216 138 50
Общее 221 317 197 54
количество 438 335 294 33
эритроцитов 749 337 333 43
х10'?/1| 1100 321 178 61
RBC 1368 323 106 48
; 1680 290 55 102
6 1748 305 82 85
3,5-5,5* 2278 320 236 70
новорожденные 2037 449 431 45
134-205 2490 429 240 52
hf 1648 477 179 129
no 2248 518 66 38
1 2337 504 18 45
года 2383 518 119 38
94-141 2519 500 202 49
Гемоглобин 221 564 307 49
g/1 547 565 87 61
HGB 1368 569 123 48
ot 2152 587 58 32
1-14 2233 571 130 67
ner 2379 586 91 32
110-150 2490 567 244 51
` 1236 667 4 2
новорожденные 2106 668 433 45
41-65 2552 650 181 51
4. 1682 712 60 96
FG 1727 713 62 88
7 1806 742 62 79
no 2283 737 69 39
1 2373 721 20 48
roga 2417 736 123 40
31-41 2553 719 173 51
Гематокрит 216 784 306 60
% 537 786 49 47
HET. 1365 780 116 72
ot 2219 806 65 33
1-14 2301 790 135 48
net 2448 804 94 36
32-45 2554 788 181 52
Средний 212 890 233 60
объем 465 891 167 50
эритроцита 648 910 304 43
fl 971 893 26 48
MCV 1356 895 131 48
7 1725 883 46 70
/ 1806 875 60 81
68-100 2282 896 211 51
Средняя 212 997 222 61
концентрация 454 1016 367 44
новорожденные 2037 996 434 73
280-350 2484 981 252 73
гемоглобина 210 1074 341 50
в 571 1093 25 30
эритроците 614 1093 303 43
д/1 936 1076 86 62
5 1666 1075 59 98
/г 1706 1087 72 82
he 1774 1071 77 108
ao 2215 1093 70 40
1 2305 1077 20 49
roga 2350 1093 122 40
280-370 2484 1076 253 53
MCHC 1338 1154 184 49
от 2153 1168 61 33
1-14 2234 1152 134 48
ner 2381 1168 91 34
310-370 2485 1151 252 53
| 2797 1221 2 2
Среднее 204 1262 238 61
содержание 460 1280 328 44
ои 2102 1243 122 91
tie 2261 1243 77 91
3 2682 1222 20 63
темоглобина 203 1339 343 50
в 567 1358 24 31
эритроците 610 1357 304 45
pg 934 1359 65 45
MCH 1361 1337 151 55
“ 1624 1299 84 114
7 1700 1313 69 89
Y 1788 1324 72 96
ie 2221 1306 176 127
4 2403 1380 35 50
— 2450 1323 95 111
hal 2498 1301 236 137
Тромбоциты 199 1478 330 77
x10°/1 547 1480 166 61
PLT 1371 1483 84 49
LPG 1653 1460 229 91
150-350 2227 1481 243 79
Ретикулоциты 201 1588 361 76
% 580 1588 50 50
1-12 2272 1589 137 54
ЛЕЙКОЦИТАРНАЯ 1034 1693 574 71
ФОРМУЛА 1630 1701 340 55
Исследуемый 519 1776 359 67
параметр 896 1795 267 52
л 1363 1853 58 3
_Результат 1597 1779 299 77
2 271 1899 28 31
Миелоциты 444 1870 305 57
Метамиелоциты 442 1970 436 57
Палочкоядерные 441 2069 462 64
% 921 2071 50 53
т 246 2169 50 77
Сегментоядерные 438 2168 487 79
% 942 2170 51 56
’ 1055 2152 2 2
Эозонофипн% 436 2268 402 67
2 1022 2248 39 7
Базофилы 437 2353 271 75
Лимфоциты 432 2449 314 80
ie 763 2451 89 151
~ 295 2556 69 56
Моноциты 432 2555 358 99
% 736 2551 55 107
Плпзматичвские 131 2671 498 66
клетки 647 2694 171 42
