‚ 49 56 5 138
Ед. 1849 50 88 74
Н 2417 96 43 45
Параметр 495 97 280 75
Значение 1335 102 267 48
измерения 1738 139 309 48
орма 2466 110 142 47
СОЭ 56 234 126 48
5 1453 224 26 47
мм/ч 1827 215 129 48
< 2463 230 35 30
20 2516 221 63 47
Лейкоциты 52 303 304 74
3.70 1411 305 110 48
10^9/л_ 1810 298 201 59
4.5 2412 301 77 47
- 2512 328 17 8
11 2558 303 44 45
Эритроциты 52 387 334 70
4.41 1408 386 102 47
10^12/л 1792 378 196 49
3.8 2404 382 78 46
- 2503 409 18 7
5.3 2542 383 75 47
Гемоглобин 49 472 317 47
` 676 480 2 2
127 1423 467 84 48
г/л 1851 461 71 47
120 2395 463 85 47
- 2500 490 17 8
155 2547 465 82 47
Гематокрит 45 553 312 59
39.9 1407 549 110 47
% 1860 543 52 48
36 2420 545 62 46
- 2502 572 18 7
46 2538 548 65 44
Средний 43 632 233 59
объем 294 633 160 45
эритроцита 474 646 311 45
90.4 1405 630 110 46
пг/клетку 1753 620 266 70
81 2403 627 53 45
- 2482 654 18 6
100 2529 628 85 46
Среднее 42 711 221 60
объемное 279 712 258 46
содержание 553 725 323 47
28.8 1403 747 109 47
пг/клетку 1752 739 266 69
28 2417 744 63 47
- 2499 772 20 8
33 2538 746 61 47
гемоглобина 40 784 342 46
в 401 798 26 32
эритроците 445 797 310 47
Средняя 37 863 224 59
концентрация 280 878 374 45
гемоглобина 676 866 344 46
в 1041 881 26 31
318 1409 902 90 46
ЛП 1845 899 72 47
330 2384 900 97 47
- 2499 928 19 7
360 2538 902 97 47
эритроците 36 949 308 43
Анизоцитоз 33 1015 324 52
эритроцитов 376 1030 346 44
12.8 1407 1019 98 47
% 1853 1018 52 48
11.5 2371 1020 101 47
- 2493 1047 19 8
14.5 2539 1021 101 48
Тромбоциты 31 1095 343 53
194 1412 1101 85 46
10^9/л 1795 1100 169 47
130 2388 1102 89 48
- 2495 1129 20 8
400 2532 1104 100 47
Средний 29 1174 232 59
объем 280 1175 162 46
тромбоцита 461 1177 323 58
9.0 1412 1180 78 47
фл 1841 1179 71 62
8.1 2381 1182 71 47
- 2477 1211 19 6
12.4 2524 1184 105 46
Палочкоядерные 28 1254 458 61
% 502 1257 52 47
0.1 1410 1262 72 47
% 1850 1263 52 48
0-6 2445 1266 121 48
Сегментоядерные 25 1335 484 61
% 525 1338 51 47
44.9 1392 1343 112 48
% 1849 1345 52 48
47 2410 1349 65 47
- 2495 1376 21 7
72 2534 1350 62 47
Зозинофилы 25 1415 344 61
% 388 1418 51 47
4.4 1406 1425 80 47
% 1848 1427 51 49
0.5 2419 1432 79 48
- 2519 1460 20 7
5 2558 1433 30 47
Базофилы 22 1496 266 60
% 307 1498 51 47
0.3 1406 1507 75 47
% 1846 1510 52 48
0-1 2443 1516 112 47
Моноциты 19 1577 292 50
% 330 1579 50 46
92 1405 1588 76 48
% 1845 1592 52 48
3-11 2425 1597 143 49
Лимфоциты 15 1657 326 60
% 361 1660 51 47
41.2 1385 1670 109 47
% 1844 1674 52 48
19 2414 1681 55 47
- 2487 1709 22 8
37 2527 1682 65 47
Сегментоядерные 15 1734 483 70
1.67 1392 1752 101 47
10^9/л 1786 1757 170 48
1.8 2380 1763 72 48
- 2470 1790 21 10
7.92 2510 1764 115 50
Лимфоциты 11 1813 328 69
1,52 1390 1833 101 48
10^9/л 1786 1839 167 49
0.76 2355 1846 116 49
- 2487 1874 22 9
4.07 2525 1848 119 48
[Моноциты 0 1894 303 75
0.34 1381 1915 112 49
10^9/л 1785 1921 168 50
0.12 2353 1928 112 50
- 2484 1957 22 10
1.21 2531 1930 99 51
Эозинофилы 0 1962 355 88
0.16 1380 1999 110 48
10^9/л 1783 2005 168 49
0.04 2352 2012 117 49
- 2486 2039 21 11
0.55 2524 2002 117 62
2 475 2135 192 4
й 1141 2146 3 1
0.01 1378 2081 104 49
10^9/л 1782 2087 167 51
* 2146 2079 6 1
0 2393 2096 34 49
- 2443 2123 21 10
0.15 2482 2085 115 64
