Дата: 13.10.2021 33.30275344848633 28.589115142822266 86.17283248901367 11.181407928466797
ГБУЗ «ГКОБ № 1 ДЗМ» 353.8864440917969 70.74246978759766 134.47677612304688 13.277923583984375
КЛИНИКО-ДИАГНОСТИЧЕСКАЯ ЛАБОРАТОРИЯ 334.6754455566406 84.84908294677734 173.13946533203125 8.386054992675781
РЕЗУЛЬТАТЫ ЛАБОРАТОРНЫХ ИССЛЕДОВАНИЙ 222.41111755371094 101.57546997070312 397.4699249267578 16.772109985351562
Клинический анализ крови 33.30275344848633 125.93102264404297 171.1279411315918 12.579093933105469
Биоматериал: кровь цельная. Локус: -. 33.30275344848633 147.97137451171875 191.10050582885742 9.783737182617188
Тест 36.904815673828125 184.07821655273438 24.318626403808594 11.181411743164062
Результат 257.8314208984375 184.07821655273438 56.099334716796875 11.181411743164062
Норма 384.2038269042969 184.07821655273438 35.842376708984375 11.181411743164062
Отклонение 485.3617858886719 184.07821655273438 66.88674926757812 11.181411743164062
Критичность 599.4271240234375 178.67510986328125 70.892333984375 11.181411743164062
отклонения 602.4288940429688 190.08164978027344 64.97308349609375 11.181411743164062
Ед. изм. 727.9007568359375 184.07821655273438 45.1099853515625 11.181411743164062
Гемоглобин общий 36.904815673828125 211.69403076171875 96.72576904296875 11.181411743164062
125.00 267.13671875 211.69403076171875 37.04779052734375 11.181411743164062
115-160 382.1026306152344 211.69403076171875 40.105804443359375 11.181411743164062
норма 503.0719299316406 211.69403076171875 31.372650146484375 11.181411743164062
г/л 743.5097045898438 211.69403076171875 14.42242431640625 11.181411743164062
Количество эритроцитов 36.904815673828125 233.30641174316406 127.1650390625 11.181411743164062
4.12 274.04071044921875 233.30641174316406 23.690093994140625 11.181411743164062
3,8-5,5 385.4045104980469 233.30641174316406 33.98980712890625 11.181411743164062
норма 503.0719299316406 233.30641174316406 31.372650146484375 11.181411743164062
10^12/л 729.7017822265625 233.30641174316406 41.850341796875 11.181411743164062
Гематокрит 36.904815673828125 254.91879272460938 60.07660675048828 11.181396484375
37.10 270.4386291503906 254.91879272460938 30.368927001953125 11.181396484375
35-47 388.4062194824219 254.91879272460938 27.89251708984375 11.181396484375
норма 503.0719299316406 254.91879272460938 31.372650146484375 11.181396484375
% 746.2112426757812 254.91879272460938 9.1270751953125 11.181396484375
Средний объем эритроцита 36.904815673828125 276.53118896484375 141.34815979003906 11.181396484375
90.00 270.4386291503906 276.53118896484375 30.368927001953125 11.181396484375
80-100 385.1043395996094 276.53118896484375 33.999176025390625 11.181396484375
норма 503.0719299316406 276.53118896484375 31.372650146484375 11.181396484375
фл 743.5097045898438 276.53118896484375 14.34735107421875 11.181396484375
Среднее содержание гемоглобина в 36.904815673828125 298.1435852050781 186.44900512695312 11.181396484375
эритроците 36.904815673828125 309.55010986328125 59.443450927734375 11.181396484375
30.40 270.4386291503906 303.5466613769531 30.368927001953125 11.181396484375
27-33 388.4062194824219 303.5466613769531 27.89251708984375 11.181396484375
норма 503.0719299316406 303.5466613769531 31.372650146484375 11.181396484375
пг 745.0105590820312 303.5466613769531 11.322021484375 11.181396484375
Средняя концентрация гемоглобина 36.904815673828125 331.1625061035156 187.51840209960938 11.181396484375
в эритроците 36.904815673828125 342.56903076171875 68.1484375 11.181396484375
338.00 267.13671875 336.5655822753906 37.04779052734375 11.181396484375
310-370 382.1026306152344 336.5655822753906 40.105804443359375 11.181396484375
норма 503.0719299316406 336.5655822753906 31.372650146484375 11.181396484375
г/л 743.5097045898438 336.5655822753906 14.42242431640625 11.181396484375
Ширина распределения 36.904815673828125 364.181396484375 122.47953796386719 11.181396484375
эритроцитов по объему 36.904815673828125 375.58795166015625 120.716064453125 11.181396484375
11.70 270.4386291503906 369.5845031738281 30.368927001953125 11.181396484375
11-16 388.4062194824219 369.5845031738281 27.89251708984375 11.181396484375
норма 503.0719299316406 369.5845031738281 31.372650146484375 11.181396484375
% 746.2112426757812 369.5845031738281 9.1270751953125 11.181396484375
Количество тромбоцитов 36.904815673828125 397.2003173828125 128.59085083007812 11.181396484375
190.00 267.13671875 397.2003173828125 37.04779052734375 11.181396484375
150-400 382.1026306152344 397.2003173828125 40.105804443359375 11.181396484375
норма 503.0719299316406 397.2003173828125 31.372650146484375 11.181396484375
10^9/л 732.7034912109375 397.2003173828125 35.74365234375 11.181396484375
Средний объем тромбоцитов в 36.904815673828125 418.8127136230469 157.12599182128906 11.181396484375
крови 36.904815673828125 430.21923828125 29.665435791015625 11.181396484375
7.50 274.04071044921875 424.2158203125 23.690093994140625 11.181396484375
6-11 391.407958984375 424.2158203125 21.785919189453125 11.181396484375
норма 503.0719299316406 424.2158203125 31.372650146484375 11.181396484375
фл 743.5097045898438 424.2158203125 14.34735107421875 11.181396484375
Общий объем тромбоцитов в крови 36.904815673828125 451.8316345214844 180.72698974609375 11.181396484375
(тромбокрит, PСT) 36.904815673828125 463.2381591796875 92.26068115234375 11.181396484375
0.14 274.04071044921875 457.2347412109375 23.690093994140625 11.181396484375
0,15-0,5 382.4028015136719 457.2347412109375 40.096405029296875 11.181396484375
отклонение от 481.4595642089844 451.8316345214844 74.39108276367188 11.181396484375
нормы 502.1714172363281 463.2381591796875 33.070526123046875 11.181396484375
Ниже нормы 602.7290649414062 451.8316345214844 64.13824462890625 11.181396484375
(числовой результат) 580.2161254882812 463.2381591796875 109.1546630859375 11.181396484375
% 746.2112426757812 457.2347412109375 9.1270751953125 11.181396484375
Количество лейкоцитов 36.904815673828125 490.253662109375 121.94953918457031 11.181396484375
2.90 274.04071044921875 490.253662109375 23.690093994140625 11.181396484375
4-9 394.40966796875 490.253662109375 15.6793212890625 11.181396484375
отклонение от 481.4595642089844 484.8505554199219 74.39108276367188 11.181396484375
нормы 502.1714172363281 496.257080078125 33.070526123046875 11.181396484375
Ниже нормы 602.7290649414062 484.8505554199219 64.13824462890625 11.181396484375
(числовой результат) 580.2161254882812 496.257080078125 109.1546630859375 11.181396484375
10^9/л 732.7034912109375 490.253662109375 35.74365234375 11.181396484375
Абсолютное количество 36.904815673828125 517.8695068359375 122.58740234375 11.181396484375
нейтрофилов 36.904815673828125 529.2760009765625 68.09683227539062 11.181396484375
1.25 274.04071044921875 523.2725830078125 23.690093994140625 11.181396484375
2-5,7 389.9071044921875 523.2725830078125 24.83453369140625 11.181396484375
отклонение от 481.4595642089844 517.8695068359375 74.39108276367188 11.181396484375
нормы 502.1714172363281 529.2760009765625 33.070526123046875 11.181396484375
Ниже нормы 602.7290649414062 517.8695068359375 64.13824462890625 11.181396484375
(числовой результат) 580.2161254882812 529.2760009765625 109.1546630859375 11.181396484375
10^9/л 732.7034912109375 523.2725830078125 35.74365234375 11.181396484375
Относительное количество 36.904815673828125 33.992462158203125 139.2469482421875 11.181407928466797
нейтрофилов 36.904815673828125 45.399017333984375 68.09683227539062 11.181407928466797
43.60 270.4386291503906 39.395599365234375 30.368927001953125 11.181407928466797
45-75 388.4062194824219 39.395599365234375 27.89251708984375 11.181407928466797
отклонение от 481.4595642089844 33.992462158203125 74.39108276367188 11.181407928466797
нормы 502.1714172363281 45.399017333984375 33.070526123046875 11.181407928466797
Ниже нормы 602.7290649414062 33.992462158203125 64.13824462890625 11.181407928466797
(числовой результат) 580.2161254882812 45.399017333984375 109.1546630859375 11.181407928466797
% 746.2112426757812 39.395599365234375 9.1270751953125 11.181407928466797
Абсолютное количество 36.904815673828125 67.01138305664062 122.58740234375 11.181404113769531
эозинофилов 36.904815673828125 78.41793823242188 66.74605560302734 11.181404113769531
0.180 270.4386291503906 72.41452026367188 30.368927001953125 11.181404113769531
0,002-0,3 379.10089111328125 72.41452026367188 46.203033447265625 11.181404113769531
норма 503.0719299316406 72.41452026367188 31.372650146484375 11.181404113769531
10^9/л 732.7034912109375 72.41452026367188 35.74365234375 11.181404113769531
Относительное количество 36.904815673828125 100.03030395507812 139.2469482421875 11.181404113769531
эозинофилов 36.904815673828125 111.43685913085938 66.74605560302734 11.181404113769531
6.10 274.04071044921875 105.43344116210938 23.690093994140625 11.181404113769531
0,25-5 386.9053649902344 105.43344116210938 30.941192626953125 11.181404113769531
отклонение от 481.4595642089844 100.03030395507812 74.39108276367188 11.181404113769531
нормы 502.1714172363281 111.43685913085938 33.070526123046875 11.181404113769531
Выше нормы 602.4288940429688 100.03030395507812 64.9822998046875 11.181404113769531
(числовой результат) 580.2161254882812 111.43685913085938 109.1546630859375 11.181404113769531
% 746.2112426757812 105.43344116210938 9.1270751953125 11.181404113769531
Абсолютное количество базофилов 36.904815673828125 133.04922485351562 180.52061462402344 11.181411743164062
0.010 270.4386291503906 133.04922485351562 30.368927001953125 11.181411743164062
0-0,065 383.6034851074219 133.04922485351562 37.047760009765625 11.181411743164062
норма 503.0719299316406 133.04922485351562 31.372650146484375 11.181411743164062
10^9/л 732.7034912109375 133.04922485351562 35.74365234375 11.181411743164062
Относительное количество 36.904815673828125 154.66165161132812 139.2469482421875 11.181411743164062
базофилов 36.904815673828125 166.06814575195312 54.88926696777344 11.181411743164062
0.20 274.04071044921875 160.06472778320312 23.690093994140625 11.181411743164062
0-1 394.40966796875 160.06472778320312 15.6793212890625 11.181411743164062
норма 503.0719299316406 160.06472778320312 31.372650146484375 11.181411743164062
% 746.2112426757812 160.06472778320312 9.1270751953125 11.181411743164062
Абсолютное количество 36.904815673828125 187.68051147460938 122.58740234375 11.181411743164062
лимфоцитов 36.904815673828125 199.08706665039062 63.59425354003906 11.181411743164062
1.10 274.04071044921875 193.08364868164062 23.690093994140625 11.181411743164062
1,2-3,2 385.4045104980469 193.08364868164062 33.98980712890625 11.181411743164062
отклонение от 481.4595642089844 187.68051147460938 74.39108276367188 11.181411743164062
нормы 502.1714172363281 199.08706665039062 33.070526123046875 11.181411743164062
Ниже нормы 602.7290649414062 187.68051147460938 64.13824462890625 11.181411743164062
(числовой результат) 580.2161254882812 199.08706665039062 109.1546630859375 11.181411743164062
10^9/л 732.7034912109375 193.08364868164062 35.74365234375 11.181411743164062
Относительное количество 36.904815673828125 220.69943237304688 139.2469482421875 11.181411743164062
лимфоцитов 36.904815673828125 232.10598754882812 63.59425354003906 11.181411743164062
38.20 270.4386291503906 226.10256958007812 30.368927001953125 11.181411743164062
18-45 388.4062194824219 226.10256958007812 27.89251708984375 11.181411743164062
норма 503.0719299316406 226.10256958007812 31.372650146484375 11.181411743164062
% 746.2112426757812 226.10256958007812 9.1270751953125 11.181411743164062
Абсолютное количество моноцитов 36.904815673828125 253.71835327148438 180.79269409179688 11.181396484375
0.34 274.04071044921875 253.71835327148438 23.690093994140625 11.181396484375
0,09-0,8 382.4028015136719 253.71835327148438 40.096405029296875 11.181396484375
норма 503.0719299316406 253.71835327148438 31.372650146484375 11.181396484375
10^9/л 732.7034912109375 253.71835327148438 35.74365234375 11.181396484375
Относительное количество 36.904815673828125 278.3324890136719 139.2469482421875 11.181396484375
моноцитов 36.904815673828125 289.7390441894531 55.161293029785156 11.181396484375
11.90 270.4386291503906 283.7355651855469 30.368927001953125 11.181396484375
2-11 391.407958984375 283.7355651855469 21.785919189453125 11.181396484375
отклонение от 481.4595642089844 275.3307800292969 74.39108276367188 11.181396484375
нормы 502.1714172363281 286.7372741699219 33.070526123046875 11.181396484375
Выше нормы 602.4288940429688 278.3324890136719 64.9822998046875 11.181396484375
(числовой результат) 580.2161254882812 289.7390441894531 109.1546630859375 11.181396484375
% 746.2112426757812 283.7355651855469 9.1270751953125 11.181396484375
Исполнитель: Анохина Е.Н. 33.30275344848633 317.2255554199219 111.80910873413086 9.08489990234375
