Дата: 04.08.2023 33.30275344848633 28.589115142822266 86.17281723022461 11.181407928466797
Полис ОМС: 5094789784001053 33.30275344848633 49.601158142089844 160.14646530151367 11.181407928466797
КДЛ ТГБ ПО 385.1043701171875 70.74246978759766 72.10812377929688 13.277923583984375
КЛИНИКО-ДИАГНОСТИЧЕСКАЯ ЛАБОРАТОРИЯ 334.67547607421875 84.84909057617188 173.13946533203125 8.386054992675781
РЕЗУЛЬТАТЫ ЛАБОРАТОРНЫХ ИССЛЕДОВАНИЙ 222.4111328125 101.57547760009766 397.469970703125 16.772109985351562
Общий клинический анализ крови (общий анализ + СОЭ + лейкоцитарная формула + тромбоциты) 33.30275344848633 125.93102264404297 628.7338066101074 12.579093933105469
Биоматериал: кровь цельная. Локус: капилляр. 33.30275344848633 147.97140502929688 234.32529830932617 9.783737182617188
Тест 36.904815673828125 184.07823181152344 24.318626403808594 11.181411743164062
Результат 257.8314208984375 184.07823181152344 56.099365234375 11.181411743164062
Норма 384.203857421875 184.07823181152344 35.8424072265625 11.181411743164062
Отклонение 485.36181640625 184.07823181152344 66.88677978515625 11.181411743164062
Критичность 599.4271850585938 178.6751251220703 70.8922119140625 11.181411743164062
отклонения 602.4288940429688 190.0816650390625 64.97320556640625 11.181411743164062
Ед. изм. 727.9008178710938 184.07823181152344 45.11029052734375 11.181411743164062
Гемоглобин (HGB) 36.904815673828125 223.1005859375 92.14813232421875 11.181411743164062
138 275.84173583984375 223.1005859375 20.04119873046875 11.181411743164062
мужчины: 120,0- 359.8899230957031 211.69406127929688 84.56875610351562 11.181411743164062
172,0. Женщины: 358.0888977050781 223.1005859375 88.4757080078125 11.181411743164062
110,0-156,0. 371.59661865234375 234.5071258544922 61.464935302734375 11.181411743164062
- 516.8798828125 223.1005859375 3.466064453125 11.181411743164062
- 633.0464477539062 223.1005859375 3.466064453125 11.181411743164062
г/л 743.509765625 223.1005859375 14.42236328125 11.181411743164062
Количество эритроцитов (RBC) 36.904815673828125 261.5226135253906 157.66067504882812 11.181396484375
4.63 274.04071044921875 261.5226135253906 23.690155029296875 11.181396484375
мужчины: 3,1-5,7. 356.8882141113281 256.1195068359375 90.666015625 11.181396484375
Женщины: 3,4-5,2. 354.7869873046875 267.5260314941406 94.99038696289062 11.181396484375
- 516.8798828125 261.5226135253906 3.466064453125 11.181396484375
- 633.0464477539062 261.5226135253906 3.466064453125 11.181396484375
10^12/л 729.7018432617188 261.5226135253906 41.8505859375 11.181396484375
Гематокрит (HCT) 36.904815673828125 294.5415344238281 90.40337371826172 11.181396484375
0.40 274.04071044921875 294.5415344238281 23.690155029296875 11.181396484375
мужчины: 0,30-0,50. 350.884765625 289.138427734375 102.8792724609375 11.181396484375
Женщины: 0,31-0,45. 348.4833984375 300.54498291015625 107.20361328125 11.181396484375
- 516.8798828125 294.5415344238281 3.466064453125 11.181396484375
- 633.0464477539062 294.5415344238281 3.466064453125 11.181396484375
л/л 742.909423828125 294.5415344238281 15.510498046875 11.181396484375
Средний объем эритроцита (MCV) 36.904815673828125 333.56390380859375 173.4384765625 11.181396484375
85.4 274.04071044921875 333.56390380859375 23.690155029296875 11.181396484375
мужчины: 78,0-103,0. 347.5828552246094 322.1573486328125 108.98590087890625 11.181396484375
Женщины: 80,0- 360.7904357910156 333.56390380859375 82.7864990234375 11.181396484375
100,0. 386.9053955078125 344.9704284667969 30.5284423828125 11.181396484375
- 516.8798828125 333.56390380859375 3.466064453125 11.181396484375
- 633.0464477539062 333.56390380859375 3.466064453125 11.181396484375
фл 743.509765625 333.56390380859375 14.3472900390625 11.181396484375
Среднее содержание гемоглобина в 36.904815673828125 366.58282470703125 186.41152954101562 11.181396484375
эритроците (MCH) 36.904815673828125 377.9893493652344 92.19502258300781 11.181396484375
29.7 274.04071044921875 371.9859313964844 23.690155029296875 11.181396484375
мужчины: 26,0-35,0. 350.884765625 366.58282470703125 102.8792724609375 11.181396484375
Женщины: 26,0-34,0. 348.4833984375 377.9893493652344 107.20361328125 11.181396484375
- 516.8798828125 371.9859313964844 3.466064453125 11.181396484375
- 633.0464477539062 371.9859313964844 3.466064453125 11.181396484375
пг 745.0106201171875 371.9859313964844 11.3221435546875 11.181396484375
Средняя концентрация гемоглобина 36.904815673828125 408.0065612792969 187.51840209960938 11.181396484375
в эритроците (MCHC) 36.904815673828125 419.4130859375 107.60699462890625 11.181396484375
348 275.84173583984375 414.6103515625 20.04119873046875 11.181396484375
мужчины: 320,0- 359.8899230957031 399.60174560546875 84.56875610351562 11.181396484375
369,0. Женщины: 358.0888977050781 411.0082702636719 88.4757080078125 11.181396484375
318,0-368,0. 371.59661865234375 422.4148254394531 61.464935302734375 11.181396484375
- 516.8798828125 414.6103515625 3.466064453125 11.181396484375
- 633.0464477539062 414.6103515625 3.466064453125 11.181396484375
г/л 743.509765625 414.6103515625 14.42236328125 11.181396484375
Ширина распределения 36.904815673828125 451.2313232421875 122.47956848144531 11.181396484375
эритроцитов по объему (RDW) 36.904815673828125 462.63787841796875 154.8090362548828 11.181396484375
12.8 274.04071044921875 456.6344299316406 23.690155029296875 11.181396484375
11,5-14,5 379.1009216308594 456.6344299316406 46.20306396484375 11.181396484375
- 516.8798828125 456.6344299316406 3.466064453125 11.181396484375
- 633.0464477539062 456.6344299316406 3.466064453125 11.181396484375
% 746.2113037109375 456.6344299316406 9.1270751953125 11.181396484375
Количество тромбоцитов (PLT) 36.904815673828125 484.250244140625 156.12229919433594 11.181396484375
227 275.84173583984375 484.250244140625 20.04119873046875 11.181396484375
180,0-320,0 372.7973327636719 484.250244140625 58.416290283203125 11.181396484375
- 516.8798828125 484.250244140625 3.466064453125 11.181396484375
- 633.0464477539062 484.250244140625 3.466064453125 11.181396484375
10^9/л 732.70361328125 484.250244140625 35.743896484375 11.181396484375
Средний объем тромбоцитов в 36.904815673828125 505.8626403808594 157.12599182128906 11.181427001953125
крови (MPV) 36.904815673828125 517.2691650390625 60.83642578125 11.18145751953125
9.8 277.3426208496094 511.2657165527344 17.011322021484375 11.181427001953125
3,6-9,4 385.404541015625 511.2657165527344 33.98980712890625 11.181427001953125
- 516.8798828125 511.2657165527344 3.466064453125 11.181427001953125
- 633.0464477539062 511.2657165527344 3.466064453125 11.181427001953125
фл 743.509765625 511.2657165527344 14.3472900390625 11.181427001953125
Ширина распределения 36.904815673828125 538.8815307617188 122.47956848144531 11.18145751953125
тромбоцитов по объему (PDW) 36.904815673828125 550.2880859375 155.3531036376953 11.18145751953125
14.5 274.04071044921875 544.2846069335938 23.690155029296875 11.18145751953125
10-20 388.40625 544.2846069335938 27.892578125 11.18145751953125
- 516.8798828125 544.2846069335938 3.466064453125 11.18145751953125
- 633.0464477539062 544.2846069335938 3.466064453125 11.18145751953125
% 746.2113037109375 544.2846069335938 9.1270751953125 11.18145751953125
Общий объем тромбоцитов в крови 36.904815673828125 67.01113891601562 180.72702026367188 11.181404113769531
(тромбокрит, PСT) 36.904815673828125 78.41769409179688 92.26069641113281 11.181404113769531
0.22 274.04071044921875 72.41427612304688 23.690155029296875 11.181404113769531
0,15-0,40 379.1009216308594 72.41427612304688 46.20306396484375 11.181404113769531
- 516.8798828125 72.41427612304688 3.466064453125 11.181404113769531
- 633.0464477539062 72.41427612304688 3.466064453125 11.181404113769531
% 746.2113037109375 72.41427612304688 9.1270751953125 11.181404113769531
Количество лейкоцитов (WBC) 36.904815673828125 105.43319702148438 155.2686767578125 11.181404113769531
4.1 277.3426208496094 105.43319702148438 17.011322021484375 11.181404113769531
мужчины: 4,5-10,4. 353.886474609375 100.03005981445312 96.77264404296875 11.181404113769531
Женщины: 4,5-10,0. 351.7852783203125 111.43661499023438 101.09701538085938 11.181404113769531
- 516.8798828125 105.43319702148438 3.466064453125 11.181404113769531
- 633.0464477539062 105.43319702148438 3.466064453125 11.181404113769531
10^9/л 732.70361328125 105.43319702148438 35.743896484375 11.181404113769531
Относительное количество 36.904815673828125 133.04898071289062 139.2469940185547 11.181411743164062
гранулоцитов (GRA%) 36.904815673828125 144.45553588867188 111.22781372070312 11.181411743164062
52.8 274.04071044921875 138.45211791992188 23.690155029296875 11.181411743164062
40,0-70,0 379.1009216308594 138.45211791992188 46.20306396484375 11.181411743164062
- 516.8798828125 138.45211791992188 3.466064453125 11.181411743164062
- 633.0464477539062 138.45211791992188 3.466064453125 11.181411743164062
% 746.2113037109375 138.45211791992188 9.1270751953125 11.181411743164062
Абсолютное количество 36.904815673828125 166.06790161132812 122.58743286132812 11.181411743164062
гранулоцитов (GRA#) 36.904815673828125 177.47445678710938 110.14907836914062 11.181411743164062
2.2 277.3426208496094 171.47103881835938 17.011322021484375 11.181411743164062
1,8-7,7 385.404541015625 171.47103881835938 33.98980712890625 11.181411743164062
- 516.8798828125 171.47103881835938 3.466064453125 11.181411743164062
- 633.0464477539062 171.47103881835938 3.466064453125 11.181411743164062
10^9/л 732.70361328125 171.47103881835938 35.743896484375 11.181411743164062
Абсолютное количество 36.904815673828125 199.08682250976562 122.58743286132812 11.181411743164062
лимфоцитов (LYM#) 36.904815673828125 210.49337768554688 101.66921997070312 11.181411743164062
1.5 277.3426208496094 207.49166870117188 17.011322021484375 11.181411743164062
1,0-4,8 385.404541015625 207.49166870117188 33.98980712890625 11.181411743164062
- 516.8798828125 207.49166870117188 3.466064453125 11.181411743164062
- 633.0464477539062 207.49166870117188 3.466064453125 11.181411743164062
10^9/л 732.70361328125 207.49166870117188 35.743896484375 11.181411743164062
Относительное количество 36.904815673828125 240.51058959960938 139.2469940185547 11.181411743164062
лимфоцитов (LYM%) 36.904815673828125 251.91714477539062 102.74795532226562 11.181396484375
37.0 274.04071044921875 245.91366577148438 23.690155029296875 11.181396484375
20,0-45,0 379.1009216308594 245.91366577148438 46.20306396484375 11.181396484375
- 516.8798828125 245.91366577148438 3.466064453125 11.181396484375
- 633.0464477539062 245.91366577148438 3.466064453125 11.181396484375
% 746.2113037109375 245.91366577148438 9.1270751953125 11.181396484375
Абсолютное количество моноцитов 36.904815673828125 273.5295104980469 180.7926788330078 11.181396484375
(MON#) 36.904815673828125 284.9360656738281 38.567420959472656 11.181396484375
0.4 277.3426208496094 278.9325866699219 17.011322021484375 11.181396484375
0,0-0,8 385.404541015625 278.9325866699219 33.98980712890625 11.181396484375
- 516.8798828125 278.9325866699219 3.466064453125 11.181396484375
- 633.0464477539062 278.9325866699219 3.466064453125 11.181396484375
10^9/л 732.70361328125 278.9325866699219 35.743896484375 11.181396484375
Относительное количество 36.904815673828125 306.5484313964844 139.2469940185547 11.181396484375
моноцитов (MON%) 36.904815673828125 317.9549865722656 97.85140991210938 11.181396484375
10.2 274.04071044921875 311.9515075683594 23.690155029296875 11.181396484375
3,0-8,0 385.404541015625 311.9515075683594 33.98980712890625 11.181396484375
- 516.8798828125 311.9515075683594 3.466064453125 11.181396484375
- 633.0464477539062 311.9515075683594 3.466064453125 11.181396484375
% 746.2113037109375 311.9515075683594 9.1270751953125 11.181396484375
Скорость оседания эритроцитов (по 36.904815673828125 339.5673522949219 184.8543701171875 11.181396484375
Панченкову) 36.904815673828125 350.9739074707031 63.99761199951172 11.181396484375
6 282.445556640625 344.9704284667969 6.68353271484375 11.181396484375
мужчины: 0,0-15,0. 353.886474609375 339.5673522949219 96.77264404296875 11.181396484375
Женщины: 0,0-20,0. 351.7852783203125 350.9739074707031 101.09701538085938 11.181396484375
- 516.8798828125 344.9704284667969 3.466064453125 11.181396484375
- 633.0464477539062 344.9704284667969 3.466064453125 11.181396484375
мм/ч 739.0072021484375 344.9704284667969 23.3946533203125 11.181396484375
Исполнитель: Авдиенко Ирина Владимировна 33.30275344848633 371.2563171386719 189.97929000854492 9.08489990234375
