Исследование 486 18 296 36
Значение 1268 18 194 30
Ед. 1572 18 61 36
изм. 1650 25 83 23
Нормальные 1847 18 267 38
значения 1890 72 189 23
ОБЩЕКЛИНИЧЕСКИЕ 68 156 444 37
ИССЛЕДОВАНИЯ 528 156 354 37
КРОВИ 899 156 140 30
Клинический 69 220 239 28
анализ 321 228 127 20
крови 462 228 107 28
с 584 228 18 20
лейкоцитарной 613 220 284 36
формулой 912 220 193 36
и 1119 228 19 20
СОЭ 1153 221 79 27
(с 1246 221 30 35
микроскопией 1291 220 262 36
мазка 1569 228 103 20
крови 1685 228 107 28
при 1806 228 65 28
выявлении 1886 228 209 20
патологических 68 270 294 20
изменений) 375 262 211 35
(венозная 600 263 182 34
кровь) 797 263 119 34
Дата 125 305 73 24
исследования: 208 305 182 20
04.07.2021; 400 305 140 24
Гемоглобин 128 360 203 28
138 1330 361 57 27
wn 1624 361 42 27
117-155 1899 361 154 27
Эритроциты 127 414 210 35
4.69 1321 414 72 27
x10*12/n 1571 414 146 27
3.8 1908 414 48 27
- 1970 430 11 3
5.1 1993 414 44 27
Гематокрит 128 467 198 35
42.5 1321 467 72 27
% 1630 467 30 27
35 1918 467 39 27
- 1970 483 11 3
45 1992 467 40 27
Средний 127 520 149 35
объем 290 519 109 28
эритроцитов 413 527 218 28
(MCV) 644 520 105 35
91 1338 520 33 27
фл 1619 520 50 35
80 1908 520 38 27
- 1959 536 11 3
100 1985 520 57 27
Среднее 127 573 150 35
содержание 290 580 209 28
Hb 514 573 44 27
в 571 580 17 20
эритроците 600 580 199 28
(MCH) 812 573 107 35
29.4 1322 573 70 27
nor 1626 569 36 43
27 1917 573 39 27
- 1970 589 11 3
34 1994 573 37 27
Средняя 127 627 148 35
концентрация 289 634 239 28
Hb 544 627 44 27
в 601 634 17 20
эритроцитах 630 634 218 28
(MCHC) 861 627 134 35
325 1328 627 60 27
vn 1624 627 42 27
300 1897 627 59 27
- 1969 643 11 3
380 1993 627 59 27
Цветовой 128 680 163 35
показатель 306 687 193 20
0.88 1323 680 70 27
0.85 1887 680 70 27
- 1969 696 11 3
1.00 1995 680 67 27
Тромбоциты 126 732 216 36
194 1330 733 57 27
x10*9/n 1582 733 125 27
180 1899 733 57 27
- 1969 749 11 3
320 1993 733 59 27
Лейкоциты 125 786 188 33
5.07 1323 786 69 27
x10*9/n 1582 786 125 27
4.5 1895 786 52 27
- 1959 802 11 3
11.3 1985 786 67 27
Незрелые 138 839 173 35
гранулоциты 324 846 221 28
0.01 1323 839 64 27
10*9/n 1594 839 104 27
0 1913 839 17 27
- 1943 855 11 3
0.09 1967 839 70 27
К 128 890 17 20
данному 152 890 107 25
параметру 266 895 146 20
относятся 419 895 145 15
незрелые 572 895 121 20
клетки 703 895 92 15
гранулоцитарного 804 895 243 20
ряда, 1054 890 65 25
которые 1130 895 114 20
в 1261 895 13 15
незначимом 1282 895 154 15
количестве 1444 895 150 15
могут 1604 895 81 20
присутствовать 1694 895 224 20
в 1928 895 13 15
периферической 1950 890 212 25
крови. 128 925 76 20
Данный 212 920 101 24
параметр 322 925 129 20
может 461 925 88 15
отражать 558 925 136 20
динамику 704 920 120 25
воспалительного 831 925 228 15
процесса 1068 925 115 20
более 1194 920 73 20
чувствительно, 1277 925 207 20
чем 1496 925 46 15
палочкоядерные 1551 920 209 25
нейтрофилы. 1770 920 174 25
Незрелые 138 956 173 35
гранулоциты 324 963 221 28
% 559 956 30 27
0.2 1332 956 49 27
% 1630 956 30 27
оценивать 339 1012 140 19
абсолютное 488 1007 161 20
значение 658 1012 115 15
параметра. 782 1008 151 28
Нейтрофилы 128 1063 223 35
сегментоядерные 365 1070 309 28
2.56 1322 1063 70 27
x10*9/n 1582 1063 125 27
1,60 1889 1063 67 33
- 1969 1079 11 3
7,90 1993 1063 69 33
Нейтрофилы 128 1116 223 35
сегментоядерные 365 1123 309 28
% 687 1116 30 27
50.5 1323 1116 70 27
% 1630 1116 30 27
47 1916 1116 40 27
- 1970 1132 11 3
72 1994 1116 37 27
Эозинофилы 127 1169 224 35
0.06 1322 1169 70 27
x10*9/n 1582 1169 125 27
0.02 1887 1169 69 27
- 1969 1185 11 3
0.30 1992 1169 70 27
Эозинофилы 127 1222 224 35
% 366 1222 29 27
1.2 1335 1222 46 27
% 1630 1222 29 27
1-5 1941 1222 70 27
Базофилы 128 1275 179 35
0.03 1323 1275 69 27
x10*9/n 1582 1275 125 27
0 1913 1275 17 27
- 1943 1291 11 3
0.07 1967 1275 70 27
Базофилы 128 1328 179 35
% 322 1328 30 27
0.6 1333 1328 48 27
% 1630 1328 29 27
0-1 1939 1328 66 27
Моноциты 128 1381 175 33
0.40 1323 1381 69 27
x10*9/n 1582 1381 125 27
0.09 1887 1381 70 27
- 1969 1397 11 3
0.60 1993 1381 69 27
Моноциты 128 1435 175 33
% 318 1435 30 27
7.9 1333 1435 49 27
% 1630 1435 30 27
3 1929 1435 17 27
- 1959 1451 11 3
11 1985 1435 31 27
ЛимФфоциты 125 1484 208 43
2.02 1322 1488 70 27
x10*9/n 1582 1488 125 27
1.20 1889 1488 67 27
- 1969 1504 11 3
3.00 1993 1488 69 27
Лимфоциты 126 1541 207 35
% 347 1541 29 27
39.8++ 1301 1541 115 27
% 1630 1541 29 27
19 1920 1541 37 27
- 1970 1557 11 3
37 1994 1541 38 27
СОЭ 127 1594 79 27
(по 221 1594 50 35
Вестергрену) 286 1594 226 35
8 1349 1594 18 27
мм/час 1586 1594 118 27
0-20 1929 1594 92 27
