eee 576 21 38 49
| 629 25 9 30
Исследуемый 188 106 415 73
параметр 622 124 306 53
Сокр. 1355 101 175 80
Результат 1686 106 299 71
‚ 1998 156 21 44
Нормальные 2120 107 396 72
величины 2538 125 290 75
_ 2872 160 5 1
Общее 185 235 212 59
количество 414 252 309 35
лейкоцитов 739 240 316 51
x10°/1 1073 233 171 63
WBC 1373 234 143 50
9) 1691 201 83 104
& 1792 207 68 86
/ 1958 204 53 109
2-12 2400 236 143 51
Общее 187 347 209 58
количество 414 364 309 35
эритроцитов 740 363 348 47
х10'°/1| 1106 345 189 64
RBC 1390 346 112 51
7, 1687 327 62 98
OF 1767 331 152 71
' 1948 315 21 43
3,5-5,5* 2354 349 244 60
новорожденные 2100 482 450 46
134-205 2576 466 245 53
‚ 664 578 2 3
//ог 1652 484 113 101
q 1787 500 53 97
no 2322 555 67 40
| 2415 538 17 50
roga 2462 556 123 40
94-14] 2605 540 207 50
Temomo6un 191 603 307 73
д/1 530 607 93 65
HGB 1389 607 132 51
ot 2219 628 62 33
1-14 2317 612 120 49
ner 2458 629 92 33
110-150 2574 612 248 52
: 971 701 2 3
i) 1624 694 75 117
G 1707 708 77 95
oO 1807 694 92 115
новорожденные 2171 715 450 46
41-65 2638 701 182 51
Н 155 772 73 22
/ 1755 776 26 41
no 2357 788 69 40
1 2451 773 17 48
roga 2498 789 123 40
31-41 2639 772 172 51
Гематокрит 192 835 303 75
% 525 839 51 51
. 1204 882 2 2
HCT 1386 840 120 51
3 1975 917 4 7
ot 2291 861 62 33
1-14 2376 845 135 49
ner 2530 862 92 33
32-45 2639 845 180 52
Средний 186 913 243 108
объем 456 913 153 108
эритроцита 645 913 297 108
f 973 950 31 50
mv 1377 952 139 51
| 1560 915 53 125
£37 1668 919 249 117
68-100 2355 957 214 51
Средняя 191 1061 233 64
концентрация 441 1079 381 46
новорожденные 2097 1085 450 46
280—350 2565 1068 255 54
гтемоглобина 191 1140 354 52
в 564 1160 27 31
эритроците 607 1159 316 46
д/1 940 1142 91 65
3 1695 1117 71 94
7 1779 1117 40 78
O 1832 1110 74 84
no 2283 1164 68 39
1 2377 1148 16 48
roga 2423 1164 122 40
280-370 2564 1147 255 53
MCHC 1358 1225 194 51
ot 2217 1242 62 34
1-14 2302 1225 135 50
ner 2455 1243 92 34
310-370 2564 1225 273 66
30-37 2634 1298 233 65
| 2885 1312 2 2
Среднее 190 1334 247 64
содержание 451 1353 341 45
— 1803 1381 54 19
новорожденные 2167 1303 451 73
2 2883 1376 2 2
remomo6uxa 191 1413 354 53
в 563 1433 30 32
эритроците 607 1432 316 46
pg 940 1435 71 48
MCH 1383 1415 159 57
BAS 1678 1378 119 98
' 1816 1459 17 27
I 1851 1381 79 91
reel 2284 1388 152 133
a 2446 1387 171 132
: 2858 1435 3 3
Тромбоциты 187 1556 344 64
x10°/1 544 1558 174 64
PLT 1393 1567 89 50
| 1557 1540 51 101
LE6L 1633 1551 216 85
190-350 2292 1551 543 76
Ретикулоциты 191 1668 375 64
% 579 1669 57 52
1-12 2336 1681 140 56
ЛЕЙКОЦИТАРНАЯ 1045 1779 595 86
ФОРМУЛА` 1663 1793 375 68
Исследуемый 522 1855 348 86
г 922 1860 3 1
поршчр 906 1882 276 53
- 1242 1944 48 1
Рщпьт 1667 1873 274 83
2 270 1981 35 32
M 448 1953 55 51
Метамиелоциты 449 2052 445 62
bas0gunu 449 2434 280 92
% 758 2647 45 97
_Cropocte 191 2801 262 114
