Тест 330 75 94 34
. 451 102 6 9
TO 552 79 111 26
ee 829 98 38 7
Ce 916 65 57 52
eee 1015 95 85 11
| 1284 77 208 43
Результат 1595 78 245 44
— 2396 82 13 31
| 2420 78 24 34
Должные 2478 68 180 58
значения 2681 72 180 46
_ 2895 82 18 9
Гемоглобин 334 131 221 33
139 1683 137 64 33
r/n 2194 137 48 33
120 2589 134 66 33
- 2669 151 14 6
145 2699 133 67 33
Лейкоциты 329 187 206 38
3,49 1674 193 79 37
10^9/л 2158 193 121 33
5,8 2586 191 57 37
- 2657 208 13 6
13,6 2687 190 79 37
Эритроциты 330 243 231 40
4,87 1673 250 79 37
10^12/л 2146 250 145 33
4- 2614 248 50 31
5,2 2679 247 57 37
Гематокрит 330 300 219 41
41,5 1672 306 80 38
% 2200 306 35 34
35 2610 305 45 32
- 2669 321 14 7
45 2695 304 47 33
MCV 327 356 91 33
(Средний 431 356 178 41
объем 624 358 121 33
эритроцита) 761 360 235 39
85,2 1672 363 79 38
on 2188 364 57 40
it~ 2606 357 74 59
94 2699 357 44 59
MCH 326 412 90 33
(Сред. 432 413 119 40
содер. 568 422 120 32
гемоглобина 706 415 244 33
в 966 424 19 23
1 1003 416 11 31
эритроците) 1035 416 234 40
28,5 1672 420 79 37
nr 2200 429 37 24
25 2610 419 46 32
- 2670 436 14 6
33 2698 418 45 33
MCHC 325 468 119 33
(Сред. 460 470 119 39
конц. 597 478 93 30
гемоглобина 707 471 245 32
в 968 480 19 23
эритроцитах) 1002 472 255 39
335 1677 476 67 33
r/n 2192 478 49 31
336 2587 476 70 32
- 2671 493 13 6
344 2698 475 69 33
Тромбоциты 322 524 238 40
314 1677 533 67 32
10^9/л 2157 533 122 33
150 2590 533 67 32
- 2671 549 13 6
440 2697 532 71 33
Лимфоциты 320 581 228 40
% 565 582 32 32
47,9 1669 590 81 37
% 2200 590 34 33
31 2612 589 39 33
- 2671 607 14 6
53 2699 589 45 33
Моноциты 320 637 194 38
% 531 638 32 33
9,7 1681 646 56 37
% 2199 646 35 34
4-6. 2634 647 109 50
|Нейтрофилы 307 693 259 40
% 583 694 33 32
39,8 1669 702 79 37
% 2199 703 35 33
43 2611 703 46 33
- 2672 721 13 6
65 2698 703 47 33
Эозинофилы 318 749 247 41
% 581 750 33 33
17 1682 759 54 37
% 2199 760 35 33
1-5 2639 760 82 33
Базофилы 317 806 199 40
% 532 807 33 32
0,9 1679 815 56 38
% 2199 816 35 34
0- 2618 818 50 33
0,5 2681 818 59 38
Лимфоциты 313 862 229 40
1,67 1670 872 77 38
10^9/л 2155 874 123 33
1,5 2603 875 55 38
- 2672 893 14 6
6.8_ 2699 875 81 52
Моноциты 313 919 195 38
0,34 1667 929 79 37
10^9/л 2155 931 123 33
0,38 2576 933 83 37
- 2672 950 14 6
1,26 2702 933 81 38
[Нейтрофилы 299 975 261 41
139 1648 969 100 63
10^9/л 2155 988 123 33
1,1 2603 990 50 38
- 2672 1008 15 6
5,8 2701 991 58 37
Эозинофилы 310 1031 249 42
0,06 1665 1042 80 39
1049/n 2154 1045 124 33
0,1 2601 1048 52 38
- 2673 1066 14 6
0,6 2701 1048 58 38
0,03 1665 1099 79 38
1049/n 2154 1102 123 34
0,04 2588 1105 84 38
- 2685 1123 14 7
0,2 2712 1106 60 38
|Незрелые 294 1139 206 52
гранулоциты 515 1155 246 34
0 1693 1156 21 33
10^9/л 2154 1160 123 33
<0,05 2626 1164 109 38
‘Незрелые 290 1196 208 109
гранулоциты 513 1212 246 34
% 776 1206 34 33
0 1693 1214 21 32
% 2197 1217 35 34
<1 2657 1222 41 33
RDW-CV 304 1260 171 34
(CV 488 1261 71 40
размера 572 1270 162 34
эритроцитов) 750 1266 258 40
14,7 1666 1271 78 38
% 2197 1275 35 34
12 2616 1279 44 34
- 2674 1298 14 6
15 2704 1280 45 34
|COS 288 1311 103 52
(анализатор 406 1319 237 42
Тест1) 657 1320 125 42
5 1692 1329 21 33
мм/час 2135 1334 150 34
2 2624 1338 23 34
- 2661 1357 14 6
20 2688 1339 48 35
