Й 11 18 285 50
н 574 37 14 9
= 515 59 24 11
=< 658 18 46 39
в 877 39 63 9
Р 12 70 21 12
" 13 91 17 26
134m 537 92 44 13
© 622 96 9 7
Исследование 21 126 121 17
скорости 147 131 74 14
оседания 227 131 72 12
a 393 139 8 10
22 543 138 17 13
wwe 570 141 28 7
9) 638 140 12 8
6 552 174 8 14
“20 648 176 20 8
4,81 525 200 32 15
оаы 570 202 30 8
0 620 203 9 7
4,6 533 225 26 16
ю 570 228 2 7
— 604 214 10 35
а-на 643 228 15 8
Среднее 25 258 71 18
содержание 101 259 98 15
гемоглобина 204 253 102 16
в 311 257 8 10
27, 524 261 17 14
8 551 261 7 13
8" 542 265 35 11
0 619 263 10 8
|Средняя 26 305 71 18
концентрация 103 305 114 14
гемоглобина 222 299 101 15
в 328 303 8 9
re 51 324 41 16
330,0 515 306 43 16
в 619 309 9 8
3 27 353 13 14
wee 569 370 25 8
о, 619 370 12 8
54,5 524 394 33 16
®— 567 396 9 7
ост 619 395 47 9
®— 568 422 7 7
“ 568 459 10 9
0 619 459 9 7
® 569 506 7 7
a 620 505 49 9
* 569 543 11 10
о 622 544 8 7
7,8 534 568 26 16
@ 570 571 11 9
