Диагноз 867 44 442 94
Исследование 2270 250 988 114
Значение 4881 248 644 100
Ед. 5900 250 200 114
изм. 6158 274 276 74
Нормальные 6808 250 889 123
значения 6952 423 627 74
Клинический 826 577 883 99
анализ 1762 602 473 74
крови 2288 602 390 99
с 2732 602 67 74
лейкоцитарной 2844 577 1050 124
формулой 3948 577 715 126
и 4722 604 65 70
СОЭ 4842 576 296 100
(с 5189 578 111 123
микроскопией 5354 577 972 124
мазка 6385 602 380 74
крови 6819 602 390 99
при 7268 602 234 99
выявлении 826 752 771 74
патологических 1656 752 1086 74
изменений) 2793 727 780 121
(капиллярная 3626 728 930 120
кровь) 4615 728 439 120
Гемоглобин 822 872 847 103
| 4653 855 8 168
103-- 5020 876 307 99
| 5671 855 8 168
г/л 6034 877 191 98
| 6577 855 8 168
108 6952 876 216 99
- 7209 929 42 18
132 7307 876 216 99
В 821 1045 74 86
связи 940 1067 317 65
CO 1297 1067 125 65
сложностью 1464 1067 746 65
стандартизации 2253 1044 1020 111
процедуры 3311 1044 639 112
взятия 3990 1067 426 65
капиллярной 4454 1046 749 109
крови 5242 1067 329 88
(физиологические 5615 1045 1067 110
и 6728 1068 62 64
методические 6828 1044 857 88
особенности), 822 1179 841 110
результаты 1711 1202 768 89
общего 2519 1179 440 105
анализа 3001 1202 467 65
крови, 3510 1202 349 88
выполненные 3915 1202 795 65
U3 4756 1202 117 65
капиллярной 4914 1181 749 109
крови, 5701 1202 350 88
могут 6104 1202 378 89
отличаться 6525 1202 742 65
друг 7307 1179 255 112
от 7605 1202 165 65
Одруга 822 1313 323 112
и 1191 1337 62 64
результатов 1286 1336 808 89
общего 2137 1313 440 105
анализа, 2619 1336 490 82
выполненных 3165 1336 791 65
U3 3999 1336 117 65
венозной 4159 1315 534 86
крови. 4731 1336 351 88
Международный 5137 1313 962 112
комитет 6138 1336 555 65
по 6734 1336 133 65
стандартизации 822 1447 1020 111
в 1882 1471 57 64
гематологии 1982 1470 796 65
(ICSH) 2823 1447 365 110
рекомендует 3229 1447 797 112
использовать 4071 1470 827 65
для 4943 1447 201 88
проведения 5182 1447 683 111
гематологических 5906 1470 1114 65
исследований 824 1580 809 88
венозную 1673 1603 549 89
кровь. 2263 1603 346 88
Взятие 2663 1581 444 87
капиллярной 3148 1582 749 109
крови 3936 1603 329 88
для 4305 1580 201 88
общего 4547 1580 439 105
анализа 5029 1603 466 65
крови 5537 1603 330 88
рекомендовано 5900 1580 904 111
MPU 6844 1603 205 88
наличии 7087 1603 479 65
медицинских 820 1714 754 105
показаний 1612 1716 600 86
(новорожденные, 2256 1714 988 108
ожоги, 3300 1737 370 82
химиотерапия, 3719 1737 896 85
труднодоступные 4669 1714 1104 108
вены 5817 1737 289 65
и 6149 1738 62 64
другое). 6252 1714 458 108
Эритроциты 822 1851 778 124
4.12 5032 1852 260 96
х10*12/л 5853 1852 541 97
3.9 6980 1852 181 97
- 7210 1908 38 11
4.7 7293 1853 185 95
Гематокрит 822 2022 907 125
31.4-- 4990 2021 357 99
% 6080 2020 107 100
32 7018 2021 149 99
- 7209 2074 42 18
40 7293 2021 154 99
Средний 822 2193 552 124
объем 1429 2192 401 99
эритроцитов 1884 2219 804 98
(MCV) 2742 2193 387 124
76 5095 2194 141 97
con 6037 2189 179 133
12 7020 2194 139 96
- 7210 2250 38 11
84 7297 2194 142 97
Среднее 822 2363 556 124
содержание 1428 2389 773 98
Hb 2256 2364 162 97
в 2470 2390 59 70
эритроците 2580 2389 731 98
(MCH) 3364 2363 395 124
25.0 5034 2364 258 97
ПГ 6075 2390 116 70
22 7017 2364 142 96
- 7210 2420 38 11
32 7297 2364 140 97
Средняя 828 2532 585 129
концентрация 1456 2560 1029 101
Hb 2529 2536 177 98
в 2756 2560 70 74
эритроцитах 2874 2560 997 101
(MCHC) 3909 2534 495 124
328++ 4974 2535 385 99
г/л 6034 2536 196 98
297 6943 2535 232 99
- 7210 2588 42 18
324 7297 2535 227 99
Цветовой 822 2704 720 125
показатель 1584 2730 829 74
0. 4993 2705 97 99
75-- 5114 2707 233 97
0.85 7003 2705 265 99
- 7307 2758 42 18
1 7405 2705 55 97
Тромбоциты 832 2871 928 130
141-- 5020 2875 307 97
x10*9/n 5881 2874 493 100
218 6942 2875 226 99
- 7209 2928 42 18
362 7296 2875 227 99
Леикоциты 815 3045 833 120
3.6-- 5028 3046 280 99
x10*9/n 5881 3045 493 100
5.5 6944 3048 188 97
- 7171 3099 42 18
15.5 7269 3046 257 99
Нейтрофилы 822 3216 965 127
сегментоядерные 1833 3214 1302 129
0.43- 5016 3217 308 99
х10*9/л 5881 3216 493 100
1.5 6990 3217 180 99
- 7209 3270 42 18
8.5 7299 3217 188 99
Нейтрофилы 822 3387 965 127
сегментоядерные 1833 3385 1302 129
% 3187 3387 107 100
11.9-- 5001 3388 346 99
% 6080 3387 107 100
23 7020 3388 148 99
- 7210 3441 42 18
43 7294 3388 152 99
Эозинофилы 822 3559 830 124
0.02 5036 3560 256 97
x10*9/n 5892 3560 464 97
0.02 6942 3560 256 97
-0.3 7249 3560 268 97
Эозинофилы 825 3729 916 125
% 1790 3729 107 100
0.6-- 5031 3730 277 99
% 6080 3729 107 100
1- 7106 3730 145 97
5 7299 3732 72 97
Базофилы 827 3901 662 123
0.02 5036 3901 256 97
x10*9/n 5892 3901 464 97
О 7000 3901 65 97
- 7114 3957 38 11
0.07 7201 3901 258 97
Базофилы 827 4072 662 123
% 1545 4071 107 98
0.6 5075 4072 181 97
% 6075 4071 107 98
О 7096 4072 65 97
- 7210 4128 38 11
1 7306 4072 36 96
Моноциты 826 4243 648 116
0.30 5036 4243 255 97
x10*9/n 5892 4243 462 97
О 7096 4243 65 97
- 7210 4299 38 11
1 7306 4243 36 96
Моноциты 826 4414 648 116
% 1530 4413 107 98
8.3 5075 4414 181 97
% 6075 4413 107 98
4-10 7054 4414 347 97
Лимфоциты 815 4585 908 123
2.83- 5014 4584 310 99
x10*9/n 5881 4583 493 100
3- 7037 4584 156 99
9.5 7241 4584 188 99
Лимфоциты 815 4755 911 123
% 1776 4753 107 100
76.6++ 4963 4754 418 99
% 6080 4753 107 100
44 7015 4756 152 95
- 7209 4807 42 18
66 7302 4754 143 99
СОЭ 828 4924 296 100
(по 1171 4926 206 122
Вестергрену) 1424 4926 972 125
капиллярная 2446 4950 897 101
кровь 3385 4950 399 101
12++ 5024 4925 299 97
мм/час 5893 4926 475 98
0 7060 4925 71 99
- 7171 4978 42 18
10 7269 4925 140 99
определение 822 5121 844 98
капиллярной 1720 5097 818 122
крови 2596 5121 348 98
| 4653 5228 8 4
/ 5146 5096 39 96
