3 741 11 64 14
| 2950 0 4 38
, 741 29 10 28
Исследуемый 178 74 395 69
параметр 595 92 296 53
Сокр. 1307 73 169 79
Результат 1626 79 289 71
| 1960 75 43 83
Нормальные 2041 83 380 71
величины 2439 102 282 40
| 2953 96 2 36
Общее 174 198 197 56
количество 392 216 298 33
лейкоцитов 708 206 306 50
x10°/1 1033 200 165 63
| 1259 194 39 76
WBC 1323 202 139 49
6G, 1622 173 83 99
с 1744 175 59 71
2-12 2308 208 141 51
| 2953 192 2 77
Общее 171 307 199 56
количество 391 325 299 33
эритроцитов 708 325 338 46
х10'?/1| 1066 309 182 62
RBC 1340 310 108 50
С// 1644 290 66 81
Y5 1747 287 107 80
3,5—5,5* 2264 306 236 90
новорожденные 2022 444 433 45
134-205 2476 428 242 51
%3—3 1640 426 202 102
no 2233 516 67 38
1 2323 500 18 47
года 2368 515 120 39
94-141 2505 499 204 49
Гемоглобин 173 561 311 50
д/1 504 561 87 63
HGB 1339 563 127 50
ot 2136 584 60 33
1-14 2217 570 131 46
ner 2364 585 90 33
110-150 2476 568 243 50
й 1532 689 18 31
3 1605 656 59 94
is 1663 647 96 106
2 1773 671 52 84
новорожденные 2089 668 435 44
41-65 2537 653 180 49
до 2266 738 68 38
| 2357 723 18 46
ropa 2402 738 120 38
31-41 2538 722 171 49
Гематокрит 173 786 307 61
% 495 787 50 49
HCT 1337 789 115 49
ot 2202 808 61 32
1-14 2285 792 132 47
ner 2431 808 93 32
32-45 2538 791 178 50
Средний 172 894 233 61
объем 424 895 170 50
эритроцита 609 913 309 44
fl 937 895 27 50
MCV 1328 898 132 48
& 1608 868 72 80
O 1683 876 58 69
y 1735 923 32 47
оя 1784 874 55 89
68-100 2264 899 211 49
Средняя 171 1003 224 61
концентрация 417 1021 369 44
новорожденные 2017 1022 435 44
280—350 2467 1006 248 51
гемоглобина 173 1081 342 49
в 536 1100 25 30
эритроците 579 1098 306 45
д/1 903 1082 87 63
3 1613 1042 54 91
7 1692 1054 55 85
2 1749 1067 55 77
ao 2195 1097 68 38
1 2285 1082 19 46
года 2330 1098 121 38
280-370 2467 1081 250 51
МСНС 1310 1160 185 49
от 2130 1172 63 33
1-14 2213 1157 133 46
ner 2360 1172 92 33
310-370 2466 1156 250 51
новорожденные 2083 1252 439 44
30-37 2534 1236 179 51
и 608 1364 124 44
Р9 905 1365 66 46
от 2197 1402 63 35
1-14 2280 1386 134 49
ner 2428 1402 94 35
22-34 2534 1386 178 54
| 137 1511 2 2
Тромбоциты 171 1485 332 63
х1 521 1487 50 47
0°/1 583 1485 104 62
- 904 1562 3 1
PLT 1343 1488 85 48
YE? 1635 1470 197 74
150-350 2204 1486 238 52
Ретикулоциты 169 1595 369 76
% 557 1594 49 49
— 659 1669 3 2
1-12 2246 1594 137 52
ФОРМУЛА 1598 1698 322 82
_ 1976 1775 5 1
_ 2210 1777 2 2
Исследуемый 497 1774 359 70
параметр 874 1795 264 57
Результат 1606 1770 260 88
Нормальные 2036 1779 347 77
величины 2394 1796 260 42
z 254 1899 28 29
Muenouytet 425 1847 304 85
Ва 233 1965 59 71
Метамиелоциты 424 1968 433 73
_ 892 2039 13 2
,Ё 240 2022 51 112
Палочкоядерные 426 2066 457 73
% 900 2063 50 54
т 236 2163 46 39
— 313 2155 38 89
| 386 2214 1 3
Сегментоядерные 426 2162 481 75
% 923 2160 52 80
Эозонофилы% 425 2256 396 64
Базофилы 428 2339 273 71
— 377 2429 7 1
Лимфоциты 402 2429 331 78
% 749 2432 59 69
— 852 2433 28 5
МФноциш 426 2544 275 69
а 749 2556 70 51
Ппозмотическиа 179 2650 438 59
кпвтки 635 2669 169 40
% 807 2641 77 65
П 921 2652 192 58
Сюорость 176 2724 270 63
оседания 446 2727 258 89
эритроцит‹.›в 711 2744 339 52
| 1073 2721 3 2
