исследование 35 21 144 14
результат 269 14 105 29
единицы 501 23 95 14
Референсное 737 19 135 21
начение 746 50 86 12
гематокрит 35 76 113 17
(НСТ) 155 71 62 21
гемоглобин 35 102 116 17
(НСВ) 159 102 64 21
И' 57 127 16 29
Ы. 128 136 26 11
4. 268 131 17 16
MCV. 35 135 88 66
ae 125 130 74 45
bn 501 159 26 22
80-100 738 146 65 31
RDWoump. 35 186 110 53
‚распр.эрит 146 218 108 16
{12.82 271 213 49 17
% 501 214 19 17
11.5-14.5 739 215 86 17
aa 30 262 185 77
в 222 273 11 11
29.21 268 268 50 16
nr 501 274 22 11
26.0-33.5 737 270 88 16
MCHC( 35 322 76 21
cp.xony.Hb 118 322 111 22
в 236 328 10 11
[359 269 323 34 16
v/s 501 323 27 17
300-360 737 324 77 17
op) 35 349 28 21
й 464 355 2 2
|тромбоциты 32 377 126 23
(PLT) 165 377 57 23
_ 238 372 12 32
259 269 378 34 16
10^9/л 503 378 62 17
150-400 739 379 75 17
лейкоциты 34 405 109 18
(WBC) 159 405 60 20
5.19 269 405 40 17
10^9/л 503 406 62 17
4.0-9.23 736 407 77 17
OTHOCHT. 35 429 84 30
39.0 268 433 41 17
% 501 434 19 17
19.0-45.0 739 435 87 17
ф 120 459 4 6
% 207 460 19 17
ОТНОСИТ. 34 492 85 12
KO: 127 493 22 11
3.79 269 488 40 16
% 501 489 19 16
3.0-11.0 737 490 77 16
MOHOUMTOB 35 519 109 14
% 149 493 20 38
46.6 268 542 41 17
% 501 544 19 16
44.0-72.0 736 544 90 17
% 214 569 19 16
Итроф 60 597 53 6
4.36 268 597 41 17
10^9/л 503 598 62 17
ф 76 624 9 7
1.70 271 625 38 17
10^9/л 503 626 62 17
10^9/л 503 654 62 17
% 501 682 19 17
10^9/л 503 737 62 16
относит. 34 769 84 11
кол. 126 769 40 11
базофилов 34 790 106 21
% 147 790 18 17
1 128 824 5 11
абс. 139 818 38 17
10^9/п 503 819 62 17
