Исследование: 146 18 90 12
Эритроциты 153 117 75 11
Гематокрит 157 144 68 11
Средний 81 170 53 12
объем 139 171 39 9
эритроцитов 182 173 79 9
(MCV) 265 171 35 11
Среднее 73 198 52 11
содержание 129 200 73 9
Hb 207 198 15 9
в 227 200 6 7
эритроците! 238 200 70 9
(мсн), 173 214 36 11
Средняя 104 241 52 11
концентрация 161 243 85 9
Hb 251 241 15 9
в 270 243 7 7
эритроцитах 128 259 77 9
(MCHC) 209 257 45 11
Цветовой 126 283 57 12
показатель 188 286 68 7
Тромбоциты. 152 311 77 11
Нейтрофилы 94 364 80 12
сегментоядерные 178 367 110 9
нейтрофилы 87 391 80 12
сегментоядерные 171 394 110 9
% 285 392 10 9
`Эозинофилы! 150 419 81 11
% 228 446 10 9
Базофилы. 159 473 64 11
Базофилы 151 500 65 11
% 220 500 10 9
СОЭ 82 635 26 9
(no 113 635 18 11
Becteprpeny) 136 635 80 11
капиллярная 220 637 79 9
Комментарий 150 677 81 12
Расчетная 338 10 64 10
дата. 406 12 29 10
выполнения 348 28 76 8
— 434 14 14 32
ЗНачение 458 18 59 10
‚ОБЩИЙ 360 58 49 11
АНАЛИЗ 412 58 53 9
20/03/2020 355 80 61 28
115 479 90 18 9
20/03/2020 355 107 61 28
452 466 117 24 9
++ 494 119 14 5
13/2020 375 134 41 28
35.0 476 144 23 9
20/03/2020 355 161 61 28
7 481 171 13 9
20/03/2020 355 196 61 28
25.4 476 206 23 9
20/03/2020 355 239 61 28
329 471 249 20 9
— 496 255 7 1
20/03/2020 355 274 61 28
0.76 470 284 23 9
20/03/2020 355 301 61 28
306 477 311 20 9
20/03/2020 355 338 61 9
72 479 338 16 9
20/03/2020 355 355 61 28
172 476 365 23 9
20/03/2020 355 382 61 28
24.0 470 392 23 9
— 497 398 8 1
20/03/2020 355 409 61 28
032+ 470 419 34 9
20/03/2020 355 436 61 28
44 479 446 17 9
20/03/2020 355 463 61 28
0.05 476 473 23 9
20/03/2020 355 490 61 28
о7 479 500 16 9
20/03/2020 355 517 61 28
0.32 476 527 23 9
20/03/2020 355 544 61 28
44 479 554 17 9
20/03/2020 355 571 61 28
479 476 581 23 9
20/03/2020 355 598 61 28
665 467 608 23 9
20/03/2020 355 633 61 28
30 472 643 13 9
++ 489 645 14 5
19/03/2020 356 678 60 9
Ед. 557 10 19 12
измерения 533 28 67 11
% 562 392 10 9
xtorain 545 419 42 9
% 562 446 10 9
xtorain 545 473 42 9
% 562 500 10 9
xtorain 545 527 42 9
% 562 554 10 9
xtorain 545 581 42 9
% 562 608 10 9
мм/час 547 643 40 9
Нормальные 633 10 80 13
значения. 644 28 57 8
108 647 90 27 9
- 668 80 8 28
132 679 90 19 9
0-10 657 643 31 9
выполнено. 742 286 62 7
выполнено. 742 313 62 7
выполнено. 742 340 62 7
выполнено. 742 367 62 7
выполнено. 742 394 62 7
выполнено. 742 421 62 7
выполнено. 742 448 62 7
выполнено. 742 475 62 7
выполнено. 742 529 62 7
выполнено. 742 556 62 7
выполнено. 742 583 62 7
выполнено. 742 610 62 7
выполнено. 742 680 62 7
