ООО "Медилюкc-ТМ" 371.3299865722656 31.39886474609375 95.66201782226562 11.07421875
119019, г. Москва, Лебяжий пер., д.4/8, стр. 2 371.3299865722656 42.85888671875 192.36007690429688 11.07421875
Лицензия № Л041-01137-77/00575146 371.3299865722656 54.31884765625 160.18002319335938 11.07421875
Тел. +7 (495) 150-3555 371.3299865722656 65.77886962890625 95.53997802734375 11.07421875
www.medswiss.ru 371.3299865722656 77.2388916015625 73.88003540039062 11.07421875
Пациент: 31.190000534057617 116.546630859375 47.14598274230957 13.2890625
Дата рождения: 31.190000534057617 133.546630859375 80.79397773742676 13.2890625
 01.11.2002 111.98397827148438 133.546630859375 58.24603271484375 13.2890625
Пол: 189.92999267578125 133.6866455078125 24.285995483398438 13.2890625
 М 214.2159881591797 133.546630859375 15.38018798828125 13.4290771484375
Амбулаторная карта №: 31.190000534057617 150.556640625 122.47000312805176 13.2890625
№ исследования: 371.3399963378906 116.546630859375 87.62200927734375 13.2890625
Дата получения результата: 371.3399963378906 133.546630859375 141.12997436523438 13.2890625
Дата печати результата: 371.3399963378906 150.556640625 122.14599609375 13.2890625
30.10.2024 518.75 133.546630859375 54.0 13.2890625
30.10.2024 518.75 150.556640625 54.0 13.2890625
Клинический анализ крови 209.47000122070312 187.514404296875 175.80035400390625 15.50390625
Норма 470.70001220703125 222.34661865234375 36.09600830078125 13.2890625
Ед. 366.8500061035156 215.59661865234375 17.07598876953125 13.2890625
измерения 346.6300048828125 229.09661865234375 57.468170166015625 13.2890625
Значение 272.2200012207031 222.34661865234375 50.494140625 13.2890625
Параметр 114.44999694824219 222.34661865234375 54.133819580078125 13.2890625
Лейкоциты 31.190000534057617 245.4366455078125 58.06649971008301 13.2890625
6.72 286.9800109863281 245.4366455078125 21.0 13.2890625
10^9/л 358.92999267578125 245.4366455078125 32.508270263671875 13.2890625
4.5 - 11 470.3399963378906 245.4366455078125 36.552001953125 13.2890625
Эритроциты 31.190000534057617 260.4366455078125 64.3184986114502 13.2890625
5.56 286.9800109863281 260.4366455078125 21.0 13.2890625
10^12/л 355.92999267578125 260.4366455078125 38.06427001953125 13.2890625
4.3 - 5.7 468.8399963378906 260.4366455078125 39.996002197265625 13.2890625
Гемоглобин 31.190000534057617 275.4366455078125 60.94987678527832 13.2890625
170 288.4800109863281 275.4366455078125 17.555999755859375 13.2890625
г/л 368.2900085449219 275.4366455078125 14.244293212890625 13.2890625
130 - 170 465.8399963378906 275.4366455078125 45.108001708984375 13.2890625
Гематокрит 31.190000534057617 290.4366455078125 59.30414009094238 13.2890625
48.6 286.9800109863281 290.4366455078125 21.0 13.2890625
% 370.45001220703125 290.4366455078125 9.99609375 13.2890625
41 - 53 471.8399963378906 290.4366455078125 33.552001953125 13.2890625
Средний объем эритроцита 31.190000534057617 305.4366455078125 140.434175491333 13.2890625
87.4 286.9800109863281 305.4366455078125 21.0 13.2890625
пг/клетку 351.07000732421875 305.4366455078125 48.888031005859375 13.2890625
80 - 99 471.8399963378906 305.4366455078125 33.996002197265625 13.2890625
Среднее объемное содержание 31.190000534057617 320.4366455078125 157.71417427062988 13.2890625
гемоглобина в эритроците 31.190000534057617 333.9366455078125 135.49017524719238 13.2890625
30.6 286.9800109863281 327.1866455078125 21.0 13.2890625
пг/клетку 351.07000732421875 327.1866455078125 48.888031005859375 13.2890625
28 - 33 471.8399963378906 327.1866455078125 33.996002197265625 13.2890625
Средняя концентрация гемоглобина в 31.190000534057617 348.9366455078125 194.22200202941895 13.2890625
эритроците 31.190000534057617 362.4366455078125 58.8101749420166 13.2890625
350 288.4800109863281 355.6866455078125 18.0 13.2890625
г/л 368.2900085449219 355.6866455078125 14.244293212890625 13.2890625
310 - 360 465.8399963378906 355.6866455078125 45.552001953125 13.2890625
Анизоцитоз эритроцитов 31.190000534057617 377.4366455078125 130.26201057434082 13.2890625
12.3 286.9800109863281 377.4366455078125 20.555999755859375 13.2890625
% 370.45001220703125 377.4366455078125 9.99609375 13.2890625
11.5 - 14.5 462.8399963378906 377.4366455078125 50.664031982421875 13.2890625
Тромбоциты 31.190000534057617 392.4366455078125 65.47049903869629 13.2890625
315 288.4800109863281 392.4366455078125 17.555999755859375 13.2890625
10^9/л 358.92999267578125 392.4366455078125 32.508270263671875 13.2890625
130 - 400 465.8399963378906 392.4366455078125 45.552001953125 13.2890625
Средний объем тромбоцита 31.190000534057617 407.4366455078125 142.570161819458 13.2890625
10.3 286.9800109863281 407.4366455078125 20.555999755859375 13.2890625
фл 368.5299987792969 407.4366455078125 13.46429443359375 13.2890625
8.1 - 12.4 465.8399963378906 407.4366455078125 45.108001708984375 13.2890625
Палочкоядерные % 31.190000534057617 422.4366455078125 99.90008735656738 13.2890625
0.4 289.9800109863281 422.4366455078125 15.0 13.2890625
% 370.45001220703125 422.4366455078125 9.99609375 13.2890625
0 - 6 477.8399963378906 422.4366455078125 21.996002197265625 13.2890625
Сегментоядерные % 31.190000534057617 437.4366455078125 104.42410469055176 13.2890625
50.2 286.9800109863281 437.4366455078125 21.0 13.2890625
% 370.45001220703125 437.4366455078125 9.99609375 13.2890625
47 - 72 471.8399963378906 437.4366455078125 33.996002197265625 13.2890625
Эозинофилы % 31.190000534057617 452.4366455078125 79.04409217834473 13.2890625
5.8 289.9800109863281 452.4366455078125 15.0 13.2890625
% 370.45001220703125 452.4366455078125 9.99609375 13.2890625
0.5 - 5 473.3399963378906 452.4366455078125 30.996002197265625 13.2890625
Базофилы % 31.190000534057617 467.4366455078125 64.20009803771973 13.2890625
0.4 289.9800109863281 467.4366455078125 15.0 13.2890625
% 370.45001220703125 467.4366455078125 9.99609375 13.2890625
0 - 1 477.8399963378906 467.4366455078125 21.996002197265625 13.2890625
Моноциты % 31.190000534057617 482.4366455078125 68.82010078430176 13.2890625
9.7 289.9800109863281 482.4366455078125 15.0 13.2890625
% 370.45001220703125 482.4366455078125 9.99609375 13.2890625
3 - 11 474.8399963378906 482.4366455078125 27.552001953125 13.2890625
Лимфоциты % 31.190000534057617 497.4366455078125 75.1320972442627 13.2890625
33.9 286.9800109863281 497.4366455078125 21.0 13.2890625
% 370.45001220703125 497.4366455078125 9.99609375 13.2890625
19 - 37 471.8399963378906 497.4366455078125 33.552001953125 13.2890625
Сегментоядерные 31.190000534057617 512.4366455078125 91.58217811584473 13.2890625
3.37 286.9800109863281 512.4366455078125 21.0 13.2890625
10^9/л 358.92999267578125 512.4366455078125 32.508270263671875 13.2890625
1.8 - 7.92 465.8399963378906 512.4366455078125 45.552001953125 13.2890625
Лимфоциты 31.190000534057617 527.4366455078125 62.13450050354004 13.2890625
2.28 286.9800109863281 527.4366455078125 21.0 13.2890625
10^9/л 358.92999267578125 527.4366455078125 32.508270263671875 13.2890625
0.76 - 4.07 462.8399963378906 527.4366455078125 51.996002197265625 13.2890625
Моноциты 31.190000534057617 542.4366455078125 55.8225040435791 13.2890625
0.65 286.9800109863281 542.4366455078125 21.0 13.2890625
10^9/л 358.92999267578125 542.4366455078125 32.508270263671875 13.2890625
0.12 - 1.21 462.8399963378906 542.4366455078125 51.108001708984375 13.2890625
Эозинофилы 31.190000534057617 557.4366455078125 66.04649543762207 13.2890625
0.39 286.9800109863281 557.4366455078125 21.0 13.2890625
10^9/л 358.92999267578125 557.4366455078125 32.508270263671875 13.2890625
0.04 - 0.55 462.8399963378906 557.4366455078125 51.996002197265625 13.2890625
Базофилы 31.190000534057617 572.4366455078125 51.20250129699707 13.2890625
0.03 286.9800109863281 572.4366455078125 21.0 13.2890625
10^9/л 358.92999267578125 572.4366455078125 32.508270263671875 13.2890625
0 - 0.15 470.3399963378906 572.4366455078125 36.552001953125 13.2890625
СОЭ 31.190000534057617 587.4366455078125 24.589876174926758 13.2890625
5 294.4800109863281 587.4366455078125 6.0 13.2890625
мм/ч 363.19000244140625 587.4366455078125 24.56317138671875 13.2890625
 < 15 476.4599914550781 587.4366455078125 24.324005126953125 13.2890625
Врач: 31.190000534057617 635.1166381835938 28.701982498168945 13.2890625
Андина Е.С. 407.2900085449219 677.6366577148438 63.696044921875 13.2890625
